0
1
4
5
6
14
15
17
18
20
24
25
26
27
28
29
30
31
32
33
34
35
36
37
38
39
40
41
42
43
44
45
46
47
48
49
50
51
52
53
54
55
56
57
59
60
65
66
67
68
69
70
71
72
73
74
75
76
77
78
79
80
81
82
83
84
85
86
87
88
89
90
91
92
93
94
95
96
97
98
99
100
101
102
103
104
105
106
107
108
109
110
111
112
113
114
115
116
117
118
119
120
121
122
123
124
125
126
127
128
129
130
131
132
133
134
135
136
137
138
139
140
141
142
143
144
145
146
147
148
149
150
151
152
153
154
155
156
157
158
159
160
161
162
163
164
165
166
167
168
169
170
171
172
173
174
175
176
177
178
179
180
181
182
183
184
185
186
187
188
189
190
191
192
193
194
195
196
197
198
199
200
201
202
203
204
205
206
207
208
210
211
212
213
214
215
216
217
218
219
220
221
222
223
224
225
226
227
228
229
230
231
233
234
235
236
237
238
239
240
241
242
243
244
245
246
247
248
249
250
251
252
253
254
255
256
257
258
259
260
261
262
263
264
265
266
267
268
269
270
271
272
273
274
275
276
277
278
279
280
281
282
283
284
285
286
287
288
289
290
291
292
293
294
295
296
297
298
299
300
301
302
303
304
305
306
307
308
309
310
311
312
313
314
315
316
317
318
319
320
321
322
323
324
325
326
327
328
329
330
331
332
333
334
335
336
337
338
339
340
341
342
343
344
345
346
347
348
349
350
351
352
353
354
355
356
357
358
359
360
361
362
363
364
365
366
367
368
369
370
371
372
373
374
375
376
377
378
379
380
381
382
383
384
385
386
387
388
389
390
391
392
393
394
395
396
397
398
399
400
401
402
403
404
405
406
407
408
409
410
411
412
413
414
415
416
417
418
419
420
421
422
423
424
425
426
427
428
429
430
431
432
433
434
435
436
437
438
439
440
441
442
443
444
445
446
447
448
449
450
451
452
453
454
455
456
457
458
459
460
461
462
463
464
465
466
467
468
469
470
471
472
473
474
475
476
477
478
479
480
481
482
483
484
485
486
487
488
489
490
491
492
493
494
495
496
497
498
499
500
501
502
503
504
505
506
507
508
509
510
511
512
513
514
515
516
517
518
519
520
521
522
523
524
525
526
527
528
529
530
531
532
533
534
535
536
537
538
539
540
541
542
543
544
545
546
547
548
549
550
551
552
553
554
555
556
557
558
559
560
561
562
563
564
565
566
567
568
569
570
571
572
573
574
575
576
577
578
579
580
581
582
583
584
585
586
587
588
589
590
591
592
593
594
595
596
597
598
599
600
601
602
603
604
605
606
607
608
609
610
611
612
613
614
615
616
617
618
619
620
621
622
623
624
625
626
627
628
629
630
631
632
633
634
635
636
637
638
639
640
641
642
643
644
645
646
647
648
649
650
651
652
653
654
655
656
657
658
659
660
661
662
663
664
665
666
667
668
669
670
671
672
673
674
675
676
677
678
679
680
681
682
683
684
685
686
687
688
689
690
691
692
693
694
695
696
697
698
699
700
701
702
703
704
705
706
707
708
709
710
711
712
713
714
715
716
717
718
719
720
721
722
723
724
725
726
727
728
729
730
731
732
733
734
735
736
737
738
739
740
741
742
743
744
745
746
747
748
749
750
751
752
753
754
755
756
757
758
759
760
761
762
763
764
765
766
767
768
769
770
771
772
773
774
775
776
777
778
779
780
781
782
783
784
785
786
787
788
789
790
791
792
793
794
795
796
797
798
799
800
801
802
803
804
805
806
807
808
809
810
811
812
813
814
815
816
817
818
819
820
821
822
823
824
825
826
827
828
829
830
831
832
833
834
835
836
837
838
839
840
841
842
843
844
845
846
847
848
849
850
851
852
853
854
855
856
857
858
859
860
861
862
863
864
865
866
867
868
869
870
871
872
873
874
875
876
877
878
879
880
881
882
883
884
885
886
887
888
889
890
891
892
893
894
895
896
897
898
899
900
901
902
903
904
905
906
907
908
909
910
911
912
913
914
915
916
917
918
919
920
921
922
923
924
925
926
927
928
929
930
931
932
933
934
935
936
937
938
939
940
941
942
943
944
945
946
947
948
949
950
951
952
953
954
955
956
957
958
959
960
961
962
963
964
965
966
967
968
969
970
971
972
973
974
975
976
977
978
979
980
981
982
983
984
985
986
987
988
989
990
991
992
993
994
995
996
997
998
999
1000
1001
1002
1003
1004
1005
1006
1007
1008
1009
1010
1011
1012
1013
1014
1015
1016
1017
1018
1019
1020
1021
1022
1023
1024
1025
1026
1027
1028
1029
1030
1031
1032
1033
1034
1035
1036
1037
1038
1039
1040
1041
1042
1043
1044
1045
1046
1047
1048
1049
1050
1051
1052
1053
1054
1055
1056
1057
1058
1059
1060
1061
1062
1063
1064
1065
1066
1067
1068
1069
1070
1071
1072
1073
1074
1075
1076
1077
1078
1079
1080
1081
1082
1083
1084
1085
1086
1087
1088
1089
1090
1091
1092
1093
1094
1095
1096
1097
1098
1099
1100
1101
1102
1103
1104
1105
1106
1107
1108
1109
1110
1111
1112
1113
1114
1115
1116
1117
1118
1119
1120
1121
1122
1123
1124
1125
1126
1127
1128
1129
1130
1131
1132
1133
1134
1135
1136
1137
1138
1139
1140
1141
1142
1143
1144
1145
1146
1147
1148
1149
1150
1151
1152
1153
1154
1155
1156
1157
1158
1159
1160
1161
1162
1163
1164
1165
1166
1167
1168
1169
1170
1171
1172
1173
1174
1175
1176
1177
1178
1179
1180
1181
1182
1183
1184
1185
1186
1187
1188
1189
1190
1191
1192
1193
1194
1195
1196
1197
1198
1199
1200
1201
1202
1203
1204
1205
1206
1207
1208
1209
1210
1211
1212
1213
1214
1215
1216
1217
1218
1219
1220
1221
1222
1223
1224
1225
1226
1227
1228
1229
1230
1231
1232
1233
1234
1235
1236
1237
1238
1239
1240
1241
1242
1243
1244
1245
1246
1247
1248
1249
1250
1251
1252
1253
1254
1255
1256
1257
1258
1259
1260
1261
1262
1263
1264
1265
1266
1267
1268
1269
1270
1271
1272
1273
1274
1275
1276
1277
1278
1279
1280
1281
1282
1283
1284
1285
1286
1287
1288
1289
1290
1291
1292
1293
1294
1295
1296
1297
1298
1299
1300
1301
1302
1303
1304
1305
1306
1307
1308
1309
1310
1311
1312
1313
1314
1315
1316
1317
1318
1319
1320
1321
1322
1323
1324
1325
1326
1327
1328
1329
1330
1331
1332
1333
1334
1335
1336
1337
1338
1339
1340
1341
1342
1343
1344
1345
1346
1347
1348
1349
1350
1351
1352
1353
1354
1355
1356
1357
1358
1359
1360
1361
1362
1363
1364
1365
1366
1367
1368
1369
1370
1371
1372
1373
1374
1375
1376
1377
1378
1379
1380
1381
1382
1383
1384
1385
1386
1387
1388
1389
1390
1391
1392
1393
1394
1395
1396
1397
1398
1399
1400
1401
1402
1403
1404
1405
1406
1407
1408
1409
1410
1411
1412
1413
1414
1415
1416
1417
1418
1419
1420
1421
1422
1423
1424
1425
1426
1427
1428
1429
1430
1431
1432
1433
1434
1435
1436
1437
1438
1439
1440
1441
1442
1443
1444
1445
1446
1447
1448
1449
1450
1451
1452
1453
1454
1455
1456
1457
1458
1459
1460
1461
1462
1463
1464
1465
1466
1467
1468
1469
1470
1471
1472
1473
1474
1475
1476
1477
1478
1479
1480
1481
1482
1483
1484
1485
1486
1487
1488
1489
1490
1491
1492
1493
1494
1495
1496
1497
1498
1499
1501
1502
1503
1504
1505
1506
1507
1508
1509
1510
1511
1512
1513
1514
1515
1516
1517
1518
1519
1520
1521
1522
1523
1524
1525
1526
1527
1528
1529
1530
1531
1532
1533
1534
1535
1536
1537
1538
1539
1540
1541
1542
1543
1544
1545
1546
1547
1548
1549
1550
1551
1552
1553
1554
1555
1556
1557
1558
1559
1560
1562
1563
1564
1565
1566
1567
1568
1569
1570
1571
1572
1573
1574
1575
1576
1577
1578
1579
1580
1581
1582
1583
1584
1585
1586
1587
1588
1589
1590
1591
1592
1593
1594
1595
1596
1597
1598
1599
1600
1601
1602
1603
1604
1605
1606
1607
1608
1609
1610
1611
1612
1613
1614
1615
1616
1617
1618
1619
1620
1621
1622
1623
1624
1625
1626
1627
1628
1629
1630
1631
1632
1633
1634
1635
1636
1637
1638
1639
1640
1641
1642
1643
1644
1645
1646
1647
1648
1649
1650
1651
1652
1653
1654
1655
1656
1657
1658
1659
1660
1661
1662
1663
1664
1665
1666
1667
1668
1669
1670
1671
1672
1673
1674
1675
1676
1677
1678
1679
1680
1681
1682
1683
1684
1685
1686
1687
1688
1689
1690
1691
1692
1693
1694
1695
1696
1697
1698
1699
1700
1701
1702
1703
1704
1705
1706
1707
1708
1709
1710
1711
1712
1713
1714
1715
1716
1717
1718
1719
1720
1721
1722
1723
1724
1725
1726
1727
1728
1729
1730
1731
1732
1733
1734
1735
1736
1737
1738
1739
1740
1741
1742
1743
1744
1745
1746
1747
1748
1749
1750
1751
1752
1753
1754
1755
1756
1757
1758
1759
1760
1761
1762
1763
1764
1765
1766
1767
1768
1769
1770
1771
1772
1773
1774
1775
1776
1777
1778
1780
1781
1782
1783
1784
1785
1786
1787
1788
1789
1790
1791
1792
1793
1794
1795
1796
1797
1798
1799
1800
1801
1802
1803
1804
1805
1806
1807
1808
1809
1810
1811
1812
1813
1814
1815
1816
1817
1818
1819
1820
1821
1822
1823
1824
1826
1827
1828
1829
1830
1831
1832
1833
1834
1835
1836
1837
1838
1839
1840
1841
1842
1843
1844
1845
1846
1847
1848
1849
1850
1851
1852
1853
1854
1855
1856
1857
1858
1859
1860
1861
1862
1863
1864
1865
1866
1867
1868
1869
1870
1871
1872
1873
1874
1875
1876
1877
1878
1879
1880
1881
1882
1883
1884
1885
1886
1887
1888
1889
1890
1891
1892
1893
1894
1895
1896
1897
1898
1899
1900
1901
1902
1903
1904
1905
1906
1907
1908
1909
1910
1911
1912
1913
1914
1915
1916
1917
1918
1919
1920
1921
1922
1923
1924
1925
1926
1927
1928
1929
1930
1931
1932
1933
1934
1935
1936
1937
1938
1939
1940
1941
1942
1943
1944
1945
1946
1947
1948
1949
1950
1951
1952
1953
1954
1955
1956
1957
1958
1959
1960
1961
1962
1963
1964
1965
1966
1967
1968
1969
1970
1971
1972
1973
1974
1975
1976
1977
1978
1979
1980
1981
1982
1983
1984
1985
1986
1987
1988
1989
1990
1991
1992
1993
1994
1995
1996
1997
1998
1999
2000
2001
2002
2003
2004
2005
2006
2007
2008
2009
2010
2011
2012
2013
2014
2015
2017
2018
2019
2020
2021
2022
2023
2024
2025
2026
2027
2028
2029
2030
2031
2032
2033
2034
2035
2037
2038
2039
2040
2041
2042
2043
2044
2045
2046
2047
2048
2049
2050
2051
2052
2053
2054
2055
2056
2057
2058
2059
2061
2062
2063
2064
2065
2066
2067
2068
2069
2070
2071
2072
2073
2074
2075
2076
2077
2078
2079
2080
2081
2082
2083
2084
2085
2086
2087
2088
2089
2090
2091
2092
2094
2095
2096
2097
2098
2099
2100
2101
2102
2103
2104
2105
2106
2107
2108
2109
2110
2111
2112
2113
2114
2115
2116
2117
2118
2119
2120
2121
2122
2123
2124
2125
2126
2127
2128
2129
2130
2131
2132
2133
2134
2135
2136
2137
2138
2139
2140
2141
2142
2143
2144
2145
2146
2147
2148
2149
2150
2151
2152
2153
2154
2155
2156
2157
2158
2159
2160
2161
2164
2165
2166
2167
2168
2169
2170
2171
2172
2173
2174
2175
2176
2177
2178
2179
2180
2181
2182
2183
2184
2186
2187
2188
2189
2190
2191
2192
2193
2194
2195
2196
2197
2198
2199
2200
2201
2202
2203
2204
2205
2206
2207
2208
2209
2210
2211
2212
2213
2214
2215
2216
2217
2218
2219
2220
2221
2222
2223
2224
2225
2226
2227
2228
2229
2230
2231
2232
2233
2234
2235
2236
2237
2238
2239
2240
2241
2242
2243
2244
2245
2246
2247
2248
2249
2250
2251
2252
2253
2254
2255
2256
2257
2258
2259
2260
2261
2262
2263
2264
2265
2266
2267
2268
2269
2270
2271
2272
2273
2274
2275
2276
2277
2278
2279
2280
2281
2282
2283
2284
2285
2286
2287
2288
2289
2290
2291
2293
2294
2295
2296
2297
2298
2299
2300
2301
2302
2304
2305
2306
2307
2308
2309
2310
2311
2312
2313
2314
2315
2316
2317
2318
2319
2320
2321
2322
2323
2324
2325
2326
2327
2328
2329
2330
2331
2332
2333
2334
2335
2336
2337
2338
2339
2340
2341
2342
2343
2344
2345
2346
2347
2348
2349
2350
2351
2352
2353
2354
2355
2356
2357
2358
2359
2360
2361
2362
2363
2364
2365
2366
2367
2368
2369
2370
2371
2372
2373
2374
2375
2376
2377
2378
2379
2380
2381
2382
2383
2384
2386
2387
2388
2389
2390
2391
2392
2393
2394
2395
2396
2397
2398
2399
2400
2401
2402
2403
2404
2405
2406
2407
2408
2409
2410
2411
2412
2413
2414
2415
2416
2417
2418
2419
2420
2421
2422
2423
2424
2425
2426
2427
2428
2429
2430
2431
2432
2433
2434
2435
2436
2438
2439
2440
2441
2442
2443
2444
2445
2446
2447
2448
2449
2450
2451
2452
2453
2454
2455
2456
2457
2459
2460
2461
2462
2463
2464
2465
2466
2467
2468
2469
2470
2471
2472
2473
2474
2475
2476
2477
2478
2480
2481
2482
2483
2484
2485
2486
2487
2488
2489
2491
2492
2493
2494
2495
2496
2497
2498
2499
2500
2501
2502
2503
2504
2505
2507
2508
2509
2510
2512
2513
2514
2515
2516
2517
2518
2519
2520
2521
2522
2523
2524
2525
2526
2527
2528
2529
2530
2531
2532
2533
2534
2535
2536
2537
2538
2539
2540
2542
2543
2545
2546
2547
2548
2549
2550
2551
2552
2553
2554
2555
2556
2557
2558
2559
2560
2561
2562
2563
2564
2565
2566
2567
2568
2569
2570
2571
2572
2573
2574
2575
2576
2577
2578
2579
2580
2581
2582
2583
2584
2585
2586
2587
2588
2590
2591
2592
2593
2594
2595
2596
2597
2598
2599
2600
2601
2602
2603
2604
2605
2606
2607
2608
2609
2610
2611
2612
2613
2614
2615
2616
2617
2618
2619
2620
2621
2622
2623
2625
2626
2627
2628
2629
2630
2631
2632
2633
2634
2635
2636
2637
2638
2639
2640
2641
2642
2644
2645
2646
2647
2648
2649
2650
2651
2652
2653
2654
2655
2656
2657
2658
2659
2660
2661
2662
2663
2664
2665
2666
2667
2668
2669
2670
2671
2672
2673
2674
2675
2676
2677
2678
2679
2680
2681
2682
2683
2684
2685
2686
2687
2688
2689
2692
2694
2695
2696
2697
2698
2699
2700
2701
2702
2703
2704
2706
2707
2708
2710
2711
2712
2713
2714
2715
2716
2717
2718
2719
2720
2721
2723
2724
2725
2726
2727
2728
2729
2730
2731
2732
2733
2734
2735
2736
2738
2739
2740
2741
2742
2743
2745
2746
2747
2748
2749
2750
2751
2752
2753
2754
2755
2756
2757
2758
2759
2760
2761
2762
2763
2764
2765
2766
2767
2768
2769
2770
2771
2772
2773
2775
2776
2777
2778
2779
2780
2781
2782
2783
2785
2787
2788
2789
2790
2792
2793
2794
2795
2796
2797
2798
2799
2800
2801
2802
2803
2804
2805
2806
2807
2808
2809
2810
2811
2812
2814
2815
2816
2817
2818
2819
2820
2821
2822
2823
2824
2825
2826
2827
2828
2829
2830
2831
2832
2833
2834
2835
2836
2837
2838
2839
2840
2841
2842
2844
2845
2847
2849
2851
2853
2854
2855
2856
2857
2858
2859
2860
2861
2862
2863
2864
2865
2866
2867
2868
2869
2870
2872
2873
2874
2875
2876
2878
2879
2880
2881
2882
2883
2884
2886
2887
2888
2889
2890
2891
2892
2893
2894
2895
2897
2898
2899
2900
2901
2902
2903
2904
2905
2906
2907
2909
2910
2912
2913
2914
2915
2916
2917
2918
2919
2920
2921
2922
2924
2925
2926
2927
2929
2932
2933
2934
2935
2936
2937
2938
2939
2941
2942
2943
2944
2945
2947
2948
2949
2951
2952
2953
2954
2955
2956
2957
2958
2959
2960
2961
2963
2964
2965
2966
2968
2969
2970
2971
2972
2973
2974
2975
2977
2978
2981
2983
2984
2985
2986
2987
2988
2989
2990
2991
2993
2994
2996
2997
2999
3000
3001
3002
3003
3004
3005
3006
3007
3008
3009
3010
3011
3012
3013
3014
3015
3016
3017
3018
3019
3021
3022
3023
3024
3025
3026
3028
3029
3030
3033
3034
3035
3036
3037
3038
3039
3040
3041
3042
3043
3044
3045
3046
3047
3048
3049
3050
3051
3052
3053
3054
3055
3056
3057
3058
3059
3060
3061
3062
3064
3065
3067
3068
3069
3070
3071
3073
3074
3075
3076
3077
3078
3079
3080
3081
3082
3083
3084
3085
3087
3088
3089
3090
3091
3092
3094
3095
3097
3098
3099
3100
3101
3102
3103
3104
3105
3106
3107
3108
3109
3110
3112
3113
3114
3115
3116
3117
3118
3119
3120
3121
3123
3124
3125
3126
3127
3128
3130
3131
3132
3133
3134
3136
3137
3138
3139
3140
3141
3142
3143
3144
3145
3146
3147
3148
3149
3150
3151
3152
3153
3154
3155
3156
3157
3158
3159
3160
3161
3162
3163
3164
3165
3166
3167
3168
3169
3170
3171
3172
3173
3174
3175
3176
3177
3178
3180
3181
3182
3183
3184
3186
3187
3188
3189
3191
3192
3193
3194
3195
3197
3198
3199
3200
3202
3203
3204
3205
3206
3207
3210
3211
3212
3213
3214
3215
3216
3217
3218
3220
3221
3222
3223
3224
3225
3226
3227
3228
3229
3230
3231
3232
3233
3234
3236
3238
3239
3240
3241
3243
3244
3245
3247
3248
3249
3250
3251
3252
3253
3254
3255
3256
3257
3258
3260
3261
3262
3263
3264
3265
3266
3267
3268
3269
3270
3271
3272
3273
3274
3275
3276
3277
3278
3279
3280
3281
3283
3284
3285
3287
3288
3289
3290
3291
3292
3294
3295
3296
3297
3298
3299
3300
3301
3302
3303
3304
3306
3307
3308
3309
3310
3311
3312
3313
3314
3315
3316
3317
3318
3319
3320
3321
3322
3323
3324
3325
3326
3327
3328
3329
3330
3331
3332
3333
3334
3335
3336
3337
3338
3339
3340
3341
3342
3343
3344
3345
3347
3349
3350
3351
3352
3353
3354
3355
3356
3357
3358
3359
3360
3361
3362
3363
3364
3365
3367
3368
3369
3370
3371
3372
3373
3374
3375
3376
3377
3380
3381
3382
3383
3384
3385
3386
3388
3390
3391
3392
3393
3395
3396
3397
3399
3400
3401
3402
3403
3404
3405
3407
3408
3409
3410
3411
3412
3413
3414
3415
3416
3417
3418
3419
3421
3424
3425
3426
3427
3428
3430
3431
3432
3433
3434
3435
3436
3437
3438
3440
3442
3443
3444
3445
3446
3448
3449
3450
3451
3452
3453
3455
3456
3457
3458
3459
3461
3462
3463
3464
3465
3466
3467
3468
3469
3472
3474
3475
3476
3477
3478
3479
3480
3484
3485
3487
3489
3490
3491
3492
3493
3495
3497
3500
3501
3502
3503
3504
3505
3506
3507
3508
3510
3511
3512
3513
3514
3515
3516
3517
3518
3519
3520
3521
3522
3523
3524
3525
3526
3527
3528
3529
3530
3531
3532
3533
3534
3535
3536
3537
3538
3539
3541
3542
3543
3544
3545
3547
3548
3550
3552
3553
3554
3556
3557
3558
3560
3561
3562
3563
3565
3566
3567
3568
3570
3571
3572
3575
3576
3578
3579
3581
3582
3583
3584
3585
3586
3587
3588
3589
3590
3591
3593
3594
3595
3596
3597
3598
3599
3600
3602
3603
3604
3605
3606
3607
3608
3609
3610
3611
3612
3614
3615
3616
3617
3619
3620
3621
3622
3623
3624
3625
3626
3627
3628
3630
3632
3633
3635
3636
3637
3638
3639
3640
3642
3643
3644
3645
3646
3647
3648
3649
3650
3652
3653
3654
3656
3658
3659
3660
3661
3662
3663
3664
3665
3666
3669
3670
3672
3673
3674
3675
3677
3678
3679
3681
3682
3683
3685
3686
3687
3688
3689
3690
3691
3692
3693
3694
3695
3696
3697
3698
3699
3702
3703
3705
3706
3707
3708
3709
3710
3711
3712
3713
3714
3715
3717
3718
3720
3721
3722
3723
3724
3725
3726
3727
3729
3730
3731
3732
3733
3734
3735
3736
3738
3740
3743
3744
3746
3747
3748
3749
3750
3751
3752
3753
3754
3755
3756
3758
3759
3760
3761
3762
3763
3764
3765
3766
3767
3768
3769
3770
3772
3773
3775
3776
3777
3779
3780
3781
3782
3783
3785
3787
3789
3790
3791
3792
3793
3796
3798
3799
3800
3801
3803
3804
3805
3806
3808
3809
3810
3811
3814
3815
3816
3817
3819
3820
3821
3822
3823
3824
3825
3827
3828
3829
3830
3831
3832
3833
3834
3835
3836
3838
3840
3841
3842
3844
3845
3846
3848
3849
3850
3851
3852
3855
3858
3859
3860
3861
3862
3863
3864
3866
3867
3870
3871
3872
3873
3874
3875
3876
3878
3879
3881
3882
3883
3884
3885
3886
3887
3888
3889
3892
3896
3897
3898
3899
3900
3901
3902
3904
3905
3906
3908
3909
3912
3913
3914
3915
3917
3918
3920
3921
3923
3924
3925
3926
3927
3928
3929
3930
3931
3932
3934
3935
3936
3937
3938
3939
3941
3942
3943
3944
3945
3948
3950
3952
3953
3954
3955
3956
3957
3958
3959
3960
3962
3963
3964
3965
3966
3969
3970
3971
3972
3975
3976
3981
3982
3983
3984
3986
3989
3991
3992
3993
3995
3996
3997
3998
4000
4001
4002
4003
4004
4005
4006
4007
4008
4010
4011
4013
4014
4015
4016
4017
4018
4019
4020
4021
4023
4024
4025
4026
4027
4028
4029
4030
4031
4032
4033
4034
4035
4036
4037
4038
4039
4041
4044
4045
4046
4047
4048
4049
4050
4053
4054
4056
4058
4060
4061
4062
4063
4065
4066
4069
4070
4072
4073
4074
4077
4078
4079
4080
4081
4082
4083
4084
4085
4086
4087
4088
4089
4090
4091
4092
4093
4094
4095
4096
4097
4098
4099
4100
4101
4103
4104
4105
4107
4108
4109
4110
4111
4112
4113
4114
4116
4117
4119
4120
4121
4122
4123
4126
4127
4128
4129
4132
4133
4134
4137
4138
4139
4141
4142
4143
4144
4145
4146
4147
4148
4149
4150
4151
4152
4154
4156
4157
4158
4160
4161
4162
4164
4165
4166
4167
4168
4170
4171
4172
4174
4175
4177
4179
4182
4183
4187
4188
4189
4191
4192
4193
4194
4195
4196
4198
4201
4202
4203
4204
4205
4206
4207
4209
4210
4211
4213
4214
4215
4216
4218
4219
4220
4221
4223
4224
4227
4228
4229
4230
4231
4232
4233
4235
4236
4238
4240
4241
4244
4245
4246
4247
4248
4249
4250
4251
4252
4253
4254
4256
4258
4261
4262
4265
4266
4267
4268
4269
4270
4271
4272
4273
4276
4277
4278
4279
4280
4281
4282
4284
4285
4286
4287
4288
4289
4291
4292
4294
4296
4297
4298
4301
4303
4304
4306
4307
4308
4309
4311
4312
4313
4314
4317
4319
4320
4321
4322
4323
4324
4325
4326
4327
4328
4329
4331
4332
4333
4335
4337
4339
4340
4341
4342
4343
4344
4345
4346
4348
4350
4352
4353
4357
4358
4359
4360
4361
4362
4363
4364
4366
4367
4368
4369
4370
4371
4373
4374
4377
4378
4379
4380
4382
4384
4385
4387
4389
4390
4391
4393
4394
4395
4396
4397
4398
4399
4400
4401
4402
4403
4404
4405
4406
4407
4408
4409
4411
4413
4414
4415
4416
4417
4419
4421
4422
4425
4426
4427
4428
4429
4430
4431
4433
4434
4435
4437
4438
4439
4440
4441
4442
4443
4448
4449
4450
4451
4452
4454
4456
4457
4458
4459
4460
4461
4462
4463
4465
4466
4467
4468
4470
4471
4472
4474
4476
4477
4479
4481
4482
4483
4485
4486
4487
4488
4489
4491
4492
4493
4494
4497
4498
4499
4500
4501
4502
4504
4505
4507
4509
4511
4512
4514
4515
4517
4519
4520
4522
4523
4524
4526
4527
4528
4531
4533
4536
4537
4539
4540
4543
4544
4547
4548
4549
4550
4551
4555
4556
4557
4559
4560
4562
4564
4565
4566
4567
4568
4569
4570
4571
4572
4574
4578
4580
4581
4582
4583
4584
4585
4586
4587
4588
4591
4595
4597
4598
4599
4600
4601
4603
4611
4613
4615
4617
4618
4619
4620
4621
4622
4623
4624
4625
4627
4631
4632
4633
4634
4635
4636
4637
4638
4640
4641
4642
4645
4648
4649
4651
4652
4654
4655
4656
4657
4658
4659
4660
4661
4663
4664
4665
4666
4670
4672
4673
4674
4675
4677
4678
4679
4680
4681
4682
4683
4686
4687
4689
4690
4691
4692
4693
4694
4697
4700
4701
4702
4704
4705
4707
4708
4709
4712
4713
4714
4715
4716
4717
4718
4719
4720
4721
4722
4723
4724
4726
4727
4729
4731
4733
4734
4735
4737
4739
4740
4741
4743
4744
4745
4747
4748
4749
4750
4751
4752
4753
4756
4758
4759
4760
4762
4763
4766
4767
4768
4769
4770
4773
4774
4775
4776
4777
4779
4780
4781
4782
4783
4784
4785
4787
4789
4792
4794
4796
4797
4798
4799
4800
4801
4808
4809
4810
4811
4812
4813
4814
4815
4817
4819
4821
4822
4823
4824
4826
4827
4832
4833
4834
4835
4836
4837
4838
4839
4840
4841
4842
4843
4844
4845
4848
4849
4852
4858
4859
4861
4862
4863
4864
4867
4868
4869
4871
4872
4874
4875
4876
4877
4879
4880
4882
4883
4884
4885
4886
4887
4889
4890
4891
4894
4895
4896
4898
4899
4900
4901
4902
4903
4904
4906
4907
4908
4909
4910
4911
4912
4913
4915
4916
4918
4922
4923
4924
4926
4927
4928
4929
4930
4931
4934
4935
4936
4937
4938
4939
4941
4946
4948
4949
4950
4951
4952
4953
4954
4955
4959
4960
4961
4962
4965
4966
4967
4968
4971
4972
4973
4976
4977
4979
4980
4981
4982
4983
4984
4985
4986
4987
4988
4989
4992
4993
4994
4995
4996
4997
4998
4999
5003
5005
5006
5010
5011
5013
5014
5015
5017
5018
5019
5020
5021
5023
5029
5030
5032
5033
5034
5036
5037
5040
5043
5044
5045
5046
5047
5048
5049
5050
5051
5052
5053
5055
5056
5057
5059
5060
5062
5063
5065
5067
5069
5071
5072
5074
5075
5076
5077
5080
5081
5082
5083
5084
5085
5086
5087
5088
5090
5092
5095
5096
5097
5098
5100
5103
5105
5107
5108
5109
5113
5114
5116
5117
5118
5119
5121
5122
5124
5125
5127
5129
5130
5131
5132
5133
5135
5136
5137
5140
5141
5142
5144
5147
5150
5153
5154
5155
5156
5158
5159
5160
5161
5162
5163
5164
5166
5167
5168
5170
5171
5173
5175
5176
5177
5178
5179
5180
5181
5183
5186
5188
5189
5190
5191
5193
5194
5196
5197
5198
5199
5200
5201
5202
5203
5206
5207
5208
5209
5210
5211
5212
5213
5214
5215
5216
5220
5221
5222
5223
5224
5226
5228
5229
5231
5234
5235
5236
5237
5238
5240
5241
5243
5244
5246
5247
5248
5249
5250
5251
5253
5255
5257
5259
5260
5261
5263
5265
5266
5267
5268
5271
5273
5275
5276
5277
5278
5279
5280
5281
5283
5284
5286
5287
5290
5291
5292
5294
5295
5298
5299
5300
5301
5302
5304
5305
5308
5310
5311
5312
5313
5314
5315
5316
5318
5319
5320
5321
5323
5324
5325
5326
5328
5330
5331
5332
5336
5337
5338
5339
5341
5342
5343
5346
5348
5349
5350
5351
5352
5353
5356
5357
5358
5359
5360
5361
5363
5365
5366
5367
5369
5371
5372
5373
5374
5375
5377
5378
5379
5380
5381
5382
5384
5386
5388
5389
5391
5392
5393
5394
5396
5397
5401
5402
5404
5405
5406
5408
5409
5410
5411
5412
5413
5415
5419
5420
5421
5422
5428
5429
5430
5434
5435
5439
5440
5441
5442
5443
5444
5445
5446
5449
5450
5454
5455
5456
5459
5460
5466
5467
5468
5470
5472
5474
5476
5479
5480
5483
5485
5488
5491
5492
5493
5494
5496
5497
5498
5500
5501
5502
5506
5507
5508
5510
5511
5512
5514
5516
5517
5519
5520
5522
5525
5527
5528
5530
5531
5533
5534
5536
5537
5538
5539
5540
5541
5542
5545
5548
5549
5551
5552
5555
5558
5559
5560
5561
5562
5564
5565
5566
5567
5568
5570
5573
5574
5575
5576
5578
5580
5584
5585
5587
5589
5590
5591
5592
5593
5594
5595
5596
5599
5601
5602
5604
5605
5606
5608
5612
5615
5617
5619
5620
5622
5623
5626
5627
5628
5630
5631
5632
5633
5634
5636
5637
5638
5639
5640
5642
5643
5647
5648
5649
5650
5651
5652
5657
5659
5661
5662
5663
5664
5665
5667
5668
5669
5670
5671
5672
5675
5676
5677
5680
5681
5682
5683
5684
5685
5687
5688
5690
5692
5693
5694
5695
5696
5698
5700
5701
5702
5707
5708
5710
5712
5713
5714
5716
5717
5720
5721
5722
5723
5724
5725
5726
5728
5729
5732
5733
5734
5735
5736
5737
5739
5740
5741
5747
5748
5749
5750
5751
5754
5755
5756
5757
5758
5759
5760
5761
5762
5765
5766
5767
5772
5773
5774
5775
5778
5779
5780
5783
5784
5786
5787
5788
5789
5790
5791
5793
5794
5797
5798
5799
5800
5801
5805
5806
5807
5811
5814
5816
5817
5823
5824
5827
5828
5829
5830
5831
5833
5834
5835
5837
5838
5839
5840
5841
5842
5843
5844
5845
5846
5847
5848
5851
5852
5853
5854
5855
5856
5858
5859
5864
5865
5867
5868
5869
5870
5872
5874
5875
5876
5877
5879
5880
5881
5883
5884
5885
5887
5888
5891
5892
5893
5894
5895
5897
5899
5901
5902
5903
5905
5907
5908
5913
5914
5915
5916
5917
5918
5919
5921
5922
5925
5926
5927
5928
5929
5930
5931
5935
5936
5937
5938
5939
5940
5941
5943
5944
5947
5948
5949
5950
5952
5954
5955
5957
5958
5962
5963
5964
5965
5966
5967
5968
5969
5970
5971
5972
5973
5974
5976
5978
5981
5985
5986
5987
5988
5989
5990
5991
5992
5993
5994
5995
5998
6000
6004
6007
6008
6009
6010
6011
6012
6013
6014
6015
6021
6022
6023
6031
6032
6033
6034
6035
6037
6040
6041
6042
6043
6044
6046
6047
6049
6050
6052
6055
6059
6063
6065
6071
6072
6074
6076
6077
6078
6079
6080
6081
6083
6084
6085
6086
6089
6090
6091
6095
6096
6097
6099
6101
6105
6106
6107
6108
6109
6110
6112
6115
6116
6117
6119
6120
6121
6128
6129
6131
6135
6136
6137
6142
6143
6144
6147
6148
6150
6151
6152
6153
6154
6155
6156
6157
6158
6160
6161
6162
6163
6164
6167
6168
6169
6170
6171
6172
6175
6176
6177
6178
6180
6183
6184
6187
6188
6191
6192
6194
6195
6196
6197
6199
6200
6202
6203
6204
6208
6209
6210
6211
6212
6213
6214
6215
6216
6217
6218
6219
6221
6222
6224
6227
6229
6230
6232
6235
6236
6237
6238
6239
6240
6242
6245
6246
6249
6250
6251
6252
6253
6255
6258
6259
6260
6261
6263
6264
6265
6266
6267
6269
6271
6272
6273
6277
6278
6281
6284
6285
6286
6288
6289
6292
6295
6297
6298
6299
6300
6303
6304
6306
6310
6312
6313
6314
6315
6316
6317
6318
6322
6324
6325
6329
6332
6333
6334
6335
6338
6340
6341
6345
6346
6347
6348
6349
6351
6352
6353
6355
6356
6357
6359
6360
6361
6363
6364
6366
6367
6371
6373
6374
6376
6377
6379
6381
6382
6383
6384
6387
6388
6390
6392
6395
6396
6400
6402
6405
6406
6407
6408
6409
6410
6412
6414
6415
6416
6418
6419
6421
6422
6426
6427
6428
6429
6431
6432
6435
6438
6441
6442
6444
6445
6446
6447
6448
6450
6452
6453
6454
6455
6459
6460
6462
6463
6464
6469
6470
6471
6473
6476
6477
6479
6480
6482
6483
6484
6486
6487
6489
6491
6493
6494
6496
6501
6503
6507
6513
6514
6515
6517
6519
6522
6525
6526
6527
6529
6530
6533
6534
6537
6539
6540
6541
6542
6543
6544
6545
6546
6547
6550
6551
6552
6553
6555
6558
6559
6560
6567
6569
6571
6573
6576
6577
6578
6579
6582
6585
6587
6589
6590
6592
6593
6594
6596
6599
6600
6603
6604
6606
6613
6614
6615
6616
6618
6620
6622
6626
6627
6629
6630
6631
6634
6639
6640
6641
6642
6644
6646
6647
6649
6650
6653
6654
6655
6658
6659
6660
6661
6663
6665
6669
6671
6672
6673
6675
6679
6681
6682
6683
6684
6685
6686
6690
6691
6692
6693
6694
6695
6700
6701
6703
6705
6706
6707
6709
6712
6713
6714
6716
6717
6718
6719
6721
6722
6724
6729
6731
6733
6734
6735
6738
6742
6745
6746
6748
6749
6750
6752
6753
6754
6755
6757
6758
6760
6763
6764
6765
6766
6768
6769
6770
6771
6773
6776
6777
6780
6781
6783
6785
6787
6788
6789
6790
6793
6794
6797
6800
6801
6804
6805
6806
6807
6808
6810
6814
6816
6818
6823
6824
6825
6826
6827
6829
6830
6831
6832
6834
6839
6840
6842
6843
6844
6845
6847
6850
6851
6852
6857
6863
6864
6865
6866
6867
6868
6870
6871
6872
6874
6875
6877
6879
6880
6884
6885
6886
6887
6891
6892
6893
6895
6899
6900
6901
6902
6903
6904
6907
6909
6911
6912
6913
6914
6916
6918
6923
6924
6927
6928
6930
6931
6932
6933
6935
6940
6941
6943
6944
6946
6949
6950
6951
6952
6954
6955
6956
6960
6961
6962
6966
6967
6970
6975
6978
6979
6981
6982
6983
6984
6988
6989
6990
6992
6993
6997
6999
7001
7002
7003
7004
7009
7011
7012
7014
7016
7022
7023
7024
7027
7028
7029
7030
7031
7032
7035
7037
7038
7039
7041
7048
7051
7054
7055
7056
7057
7058
7059
7061
7062
7066
7067
7069
7070
7071
7072
7074
7075
7077
7078
7080
7082
7090
7091
7092
7095
7096
7103
7104
7106
7108
7109
7110
7113
7115
7118
7121
7122
7124
7125
7126
7128
7129
7131
7134
7135
7138
7139
7141
7143
7144
7145
7146
7147
7148
7149
7156
7157
7158
7160
7161
7162
7165
7167
7174
7175
7176
7177
7179
7181
7182
7184
7189
7190
7194
7195
7196
7197
7203
7205
7207
7208
7211
7213
7214
7215
7216
7217
7218
7219
7222
7223
7226
7229
7232
7234
7240
7242
7245
7246
7252
7253
7256
7257
7261
7262
7263
7264
7265
7266
7268
7270
7273
7274
7277
7279
7280
7281
7283
7284
7285
7290
7291
7295
7296
7297
7298
7300
7303
7304
7305
7306
7308
7309
7310
7311
7312
7313
7316
7318
7319
7321
7327
7328
7329
7331
7332
7333
7334
7336
7339
7341
7345
7347
7348
7349
7350
7351
7353
7355
7356
7357
7359
7361
7363
7366
7367
7368
7370
7373
7374
7378
7379
7383
7384
7385
7387
7389
7390
7391
7392
7394
7395
7396
7397
7398
7399
7404
7405
7406
7408
7410
7412
7414
7421
7422
7423
7424
7425
7426
7427
7429
7431
7433
7437
7438
7440
7441
7443
7446
7451
7454
7455
7457
7458
7462
7466
7468
7469
7471
7473
7477
7478
7481
7483
7488
7492
7495
7497
7498
7501
7502
7504
7506
7507
7508
7509
7511
7512
7513
7521
7522
7523
7524
7525
7527
7528
7529
7532
7533
7535
7539
7540
7541
7542
7546
7547
7551
7555
7556
7559
7560
7561
7562
7565
7566
7567
7568
7569
7570
7571
7574
7575
7583
7585
7586
7587
7588
7590
7592
7595
7597
7600
7602
7605
7606
7609
7610
7613
7615
7616
7619
7620
7621
7623
7624
7628
7631
7633
7635
7638
7641
7642
7643
7644
7646
7648
7649
7650
7652
7653
7654
7658
7660
7662
7666
7667
7670
7672
7674
7675
7676
7685
7686
7687
7688
7692
7695
7696
7698
7703
7706
7708
7709
7710
7712
7714
7715
7718
7721
7723
7726
7727
7732
7734
7735
7736
7737
7740
7741
7742
7743
7745
7750
7751
7755
7757
7759
7761
7763
7764
7765
7767
7768
7769
7770
7771
7773
7776
7778
7779
7782
7783
7786
7790
7791
7793
7795
7797
7799
7803
7804
7805
7807
7808
7810
7812
7814
7815
7816
7817
7818
7823
7824
7826
7829
7830
7832
7833
7834
7838
7839
7840
7842
7845
7848
7853
7854
7856
7857
7859
7863
7864
7865
7873
7877
7878
7879
7880
7881
7882
7883
7885
7886
7888
7889
7892
7895
7896
7901
7902
7903
7904
7906
7907
7908
7911
7914
7917
7920
7921
7922
7924
7925
7926
7927
7928
7930
7931
7933
7936
7937
7938
7939
7941
7943
7945
7947
7949
7950
7952
7955
7956
7957
7958
7959
7962
7963
7965
7967
7968
7969
7970
7971
7973
7974
7977
7978
7979
7980
7982
7988
7989
7990
7991
7995
8000
8001
8002
8004
8006
8008
8009
8011
8012
8014
8015
8019
8020
8021
8022
8023
8024
8025
8026
8030
8031
8032
8033
8034
8036
8037
8040
8042
8044
8046
8047
8048
8049
8052
8053
8056
8059
8060
8061
8064
8069
8073
8074
8075
8076
8079
8081
8082
8083
8085
8087
8090
8091
8092
8095
8097
8098
8101
8102
8103
8104
8105
8107
8111
8113
8116
8117
8122
8124
8125
8127
8128
8130
8133
8134
8135
8138
8139
8141
8142
8145
8149
8150
8156
8157
8159
8160
8162
8163
8165
8168
8171
8172
8173
8177
8178
8180
8182
8183
8184
8186
8187
8191
8193
8195
8197
8200
8201
8204
8207
8210
8212
8213
8215
8216
8218
8221
8222
8224
8226
8227
8228
8230
8233
8237
8240
8241
8242
8243
8244
8245
8253
8255
8256
8257
8258
8260
8261
8263
8264
8265
8268
8271
8273
8275
8276
8280
8281
8282
8283
8284
8285
8287
8288
8291
8292
8295
8299
8301
8302
8312
8313
8314
8315
8319
8320
8327
8334
8339
8341
8343
8346
8351
8352
8354
8355
8356
8359
8360
8361
8367
8368
8370
8373
8375
8377
8379
8383
8384
8387
8391
8394
8395
8400
8401
8402
8407
8411
8412
8414
8415
8419
8420
8421
8422
8426
8429
8430
8434
8435
8437
8441
8442
8444
8448
8454
8462
8467
8478
8481
8482
8485
8486
8487
8488
8489
8495
8497
8498
8499
8500
8502
8503
8504
8505
8507
8508
8509
8510
8511
8512
8514
8515
8516
8518
8520
8521
8522
8525
8528
8529
8532
8534
8536
8539
8541
8542
8543
8544
8545
8547
8549
8550
8552
8556
8557
8558
8560
8561
8564
8566
8571
8572
8576
8578
8580
8581
8583
8584
8585
8587
8591
8594
8595
8596
8598
8600
8608
8611
8617
8618
8622
8624
8625
8626
8632
8633
8634
8637
8638
8641
8647
8651
8654
8656
8657
8658
8660
8661
8663
8665
8667
8670
8672
8673
8675
8677
8678
8679
8680
8683
8685
8686
8687
8690
8691
8694
8699
8700
8702
8703
8706
8707
8708
8716
8718
8719
8720
8721
8723
8724
8725
8727
8730
8734
8736
8737
8743
8744
8745
8746
8750
8753
8758
8760
8761
8762
8763
8765
8766
8768
8773
8774
8779
8781
8783
8786
8788
8790
8792
8793
8794
8801
8806
8812
8813
8814
8815
8816
8818
8819
8822
8823
8824
8828
8829
8831
8832
8835
8836
8837
8838
8841
8842
8846
8849
8850
8852
8853
8854
8856
8857
8858
8861
8865
8867
8871
8872
8875
8876
8881
8886
8887
8889
8890
8891
8894
8896
8897
8898
8901
8903
8909
8912
8913
8919
8920
8921
8924
8925
8926
8929
8930
8931
8932
8934
8936
8937
8940
8945
8946
8947
8948
8951
8954
8955
8957
8959
8960
8965
8970
8973
8978
8980
8981
8982
8984
8988
8990
8992
8994
8995
8996
8997
8998
8999
9002
9003
9005
9007
9009
9011
9013
9017
9018
9021
9025
9028
9030
9031
9032
9033
9034
9036
9037
9038
9041
9042
9050
9053
9059
9061
9062
9066
9067
9068
9073
9076
9077
9079
9080
9086
9088
9089
9092
9096
9097
9100
9103
9107
9109
9114
9115
9121
9127
9129
9130
9132
9133
9136
9138
9139
9140
9141
9142
9146
9147
9155
9156
9158
9161
9164
9165
9167
9171
9173
9174
9178
9182
9183
9186
9189
9195
9199
9202
9204
9205
9206
9208
9211
9212
9213
9215
9216
9217
9218
9223
9224
9225
9226
9229
9236
9237
9238
9242
9248
9254
9257
9258
9259
9262
9270
9283
9284
9287
9289
9293
9294
9298
9299
9302
9307
9308
9310
9317
9320
9322
9323
9326
9329
9330
9335
9338
9340
9343
9345
9348
9352
9353
9354
9356
9357
9358
9363
9367
9369
9378
9383
9384
9386
9388
9394
9395
9396
9397
9398
9399
9406
9411
9416
9417
9418
9419
9420
9421
9422
9424
9427
9428
9430
9432
9434
9436
9438
9439
9440
9441
9442
9443
9447
9450
9452
9454
9457
9458
9459
9463
9464
9469
9470
9472
9474
9475
9477
9480
9481
9484
9485
9486
9490
9491
9492
9493
9494
9497
9499
9505
9514
9515
9517
9518
9519
9523
9524
9525
9529
9531
9532
9533
9534
9536
9539
9541
9542
9543
9544
9549
9551
9556
9557
9558
9561
9567
9569
9571
9572
9575
9577
9578
9582
9585
9586
9587
9589
9590
9593
9597
9598
9600
9601
9603
9606
9607
9609
9611
9615
9617
9618
9621
9622
9623
9627
9632
9637
9638
9644
9648
9657
9663
9668
9670
9672
9673
9674
9675
9678
9679
9680
9681
9683
9684
9685
9687
9691
9692
9695
9696
9697
9702
9703
9704
9708
9710
9712
9713
9714
9717
9718
9721
9722
9723
9724
9725
9727
9728
9732
9733
9734
9736
9737
9738
9741
9742
9743
9744
9745
9748
9749
9750
9751
9752
9755
9757
9759
9762
9763
9764
9766
9767
9768
9769
9772
9777
9780
9781
9782
9783
9784
9785
9788
9790
9792
9793
9798
9801
9805
9807
9808
9813
9816
9819
9822
9825
9829
9830
9831
9834
9838
9839
9841
9842
9847
9850
9851
9852
9854
9859
9860
9864
9865
9868
9870
9872
9875
9877
9878
9881
9883
9884
9885
9891
9892
9895
9898
9907
9909
9911
9913
9916
9917
9918
9919
9920
9921
9923
9924
9927
9928
9931
9934
9937
9938
9941
9944
9946
9949
9950
9956
9957
9960
9961
9966
9967
9969
9974
9978
9979
9984
9986
9987
9988
9989
9991
9995
9996
9998
9999
10002
10003
10004
10005
10007
10009
10010
10012
10013
10015
10017
10025
10027
10030
10033
10036
10038
10039
10041
10043
10044
10045
10047
10053
10054
10055
10056
10058
10059
10062
10063
10065
10066
10067
10068
10069
10073
10074
10078
10079
10080
10081
10082
10086
10087
10091
10092
10093
10095
10103
10104
10105
10106
10109
10110
10111
10117
10121
10122
10127
10128
10131
10133
10134
10138
10139
10141
10142
10143
10144
10147
10148
10151
10152
10161
10167
10169
10172
10175
10179
10180
10184
10187
10188
10190
10191
10194
10195
10198
10201
10202
10203
10204
10208
10209
10211
10212
10213
10214
10216
10219
10220
10221
10222
10225
10227
10229
10231
10233
10234
10241
10243
10244
10247
10250
10251
10252
10256
10257
10261
10263
10266
10271
10279
10280
10282
10284
10285
10286
10287
10292
10293
10295
10302
10306
10307
10311
10313
10314
10317
10318
10319
10324
10328
10329
10331
10332
10333
10335
10337
10338
10339
10343
10344
10347
10350
10352
10354
10358
10359
10360
10365
10371
10374
10376
10378
10380
10381
10383
10384
10386
10388
10389
10390
10392
10393
10394
10397
10401
10403
10405
10406
10410
10413
10417
10418
10420
10421
10429
10431
10432
10433
10437
10439
10440
10445
10446
10453
10455
10460
10462
10463
10464
10470
10471
10473
10478
10479
10480
10481
10486
10490
10492
10498
10499
10500
10504
10506
10507
10510
10514
10516
10518
10521
10525
10526
10529
10530
10537
10538
10539
10540
10541
10550
10551
10554
10556
10558
10559
10560
10562
10563
10564
10569
10576
10578
10580
10582
10585
10586
10592
10603
10609
10613
10616
10619
10622
10627
10628
10629
10631
10634
10639
10641
10643
10644
10647
10648
10649
10650
10655
10656
10662
10673
10676
10680
10681
10682
10690
10696
10697
10698
10704
10707
10711
10713
10714
10715
10717
10722
10723
10724
10731
10733
10735
10736
10739
10742
10744
10752
10753
10755
10756
10757
10761
10769
10772
10773
10775
10776
10779
10783
10785
10788
10789
10794
10803
10812
10813
10815
10816
10817
10819
10820
10829
10830
10834
10835
10836
10848
10853
10854
10856
10858
10861
10862
10866
10870
10875
10876
10881
10883
10885
10886
10887
10888
10889
10891
10892
10895
10898
10903
10907
10908
10910
10911
10912
10913
10914
10915
10920
10925
10928
10929
10933
10938
10939
10942
10947
10948
10949
10951
10952
10958
10961
10962
10965
10966
10967
10970
10972
10974
10975
10982
10989
10993
10994
10997
10998
11001
11002
11011
11014
11016
11021
11024
11026
11029
11030
11033
11037
11038
11041
11044
11045
11046
11048
11052
11059
11065
11071
11075
11076
11077
11079
11084
11087
11089
11091
11092
11094
11095
11106
11108
11111
11114
11115
11121
11125
11132
11134
11135
11150
11152
11155
11161
11166
11170
11171
11173
11180
11182
11186
11190
11200
11201
11202
11203
11204
11205
11208
11210
11211
11220
11223
11227
11232
11235
11236
11238
11243
11244
11253
11255
11270
11271
11273
11277
11278
11283
11285
11288
11289
11295
11297
11308
11310
11316
11317
11319
11322
11325
11326
11327
11334
11336
11337
11340
11341
11343
11346
11350
11352
11354
11356
11360
11361
11368
11369
11372
11373
11378
11379
11380
11381
11384
11386
11390
11394
11397
11400
11402
11403
11406
11407
11411
11415
11416
11417
11422
11423
11430
11431
11433
11434
11436
11437
11439
11440
11441
11448
11451
11452
11455
11461
11464
11466
11469
11471
11472
11478
11479
11484
11485
11487
11490
11495
11497
11499
11501
11507
11508
11509
11511
11512
11515
11516
11520
11529
11540
11541
11542
11544
11545
11546
11553
11554
11556
11562
11564
11572
11574
11575
11579
11580
11582
11583
11585
11586
11592
11593
11598
11599
11600
11601
11609
11613
11614
11617
11618
11619
11620
11627
11629
11633
11635
11637
11642
11644
11648
11650
11657
11660
11662
11664
11670
11671
11675
11676
11677
11680
11681
11688
11689
11693
11696
11697
11700
11702
11706
11707
11710
11711
11715
11716
11718
11719
11720
11724
11732
11733
11740
11741
11742
11743
11744
11748
11751
11752
11753
11754
11755
11756
11758
11762
11765
11766
11769
11772
11773
11777
11781
11783
11789
11791
11794
11795
11796
11799
11804
11819
11821
11829
11836
11839
11842
11843
11844
11848
11857
11863
11865
11868
11871
11872
11876
11880
11881
11889
11890
11891
11892
11894
11902
11903
11905
11914
11915
11919
11923
11924
11927
11932
11939
11941
11943
11949
11953
11955
11960
11961
11969
11971
11972
11974
11979
11984
11985
11989
11990
11995
12003
12009
12012
12013
12021
12023
12029
12032
12035
12041
12045
12047
12052
12056
12060
12062
12067
12068
12073
12075
12082
12088
12095
12097
12099
12102
12105
12109
12126
12129
12130
12139
12148
12149
12152
12153
12155
12156
12157
12161
12164
12165
12172
12177
12183
12187
12192
12194
12202
12210
12211
12212
12215
12218
12219
12220
12221
12222
12231
12234
12235
12236
12238
12239
12240
12249
12257
12258
12259
12260
12269
12277
12279
12282
12283
12287
12288
12292
12301
12304
12307
12309
12323
12324
12325
12334
12335
12336
12342
12346
12349
12350
12351
12356
12358
12360
12367
12377
12378
12382
12389
12391
12397
12401
12410
12412
12413
12417
12419
12421
12422
12423
12425
12426
12428
12434
12435
12439
12444
12445
12446
12455
12458
12469
12471
12474
12482
12492
12495
12498
12501
12505
12518
12519
12525
12536
12537
12538
12539
12542
12544
12547
12549
12555
12556
12557
12561
12564
12565
12572
12573
12576
12588
12589
12591
12595
12596
12599
12602
12603
12604
12605
12606
12612
12613
12615
12618
12623
12628
12630
12631
12632
12634
12635
12636
12640
12641
12642
12643
12656
12660
12670
12678
12684
12687
12689
12691
12695
12705
12706
12712
12714
12719
12721
12723
12725
12727
12728
12731
12736
12738
12746
12747
12754
12756
12764
12767
12776
12777
12783
12784
12789
12797
12799
12810
12815
12822
12823
12833
12834
12835
12837
12839
12840
12846
12847
12849
12853
12862
12863
12872
12874
12876
12882
12884
12887
12891
12894
12906
12909
12910
12913
12919
12922
12925
12929
12941
12947
12948
12953
12959
12977
12984
12985
12986
12987
12991
12992
12995
12997
13001
13003
13006
13014
13016
13020
13023
13028
13029
13030
13031
13035
13038
13043
13045
13046
13048
13056
13057
13060
13063
13069
13070
13072
13075
13078
13082
13083
13085
13090
13096
13098
13105
13108
13110
13111
13114
13125
13130
13135
13137
13138
13140
13144
13145
13149
13152
13155
13158
13159
13161
13164
13167
13171
13175
13176
13177
13179
13182
13183
13187
13188
13194
13199
13201
13202
13203
13204
13207
13208
13209
13210
13215
13224
13229
13241
13244
13248
13258
13259
13260
13267
13274
13276
13277
13278
13283
13287
13291
13292
13293
13294
13298
13310
13311
13319
13322
13326
13330
13331
13332
13335
13336
13340
13343
13344
13347
13350
13351
13352
13353
13356
13357
13359
13360
13364
13367
13369
13370
13371
13372
13374
13376
13380
13382
13386
13389
13391
13392
13398
13401
13402
13406
13408
13410
13413
13416
13435
13439
13443
13445
13451
13454
13458
13460
13462
13465
13468
13476
13478
13483
13485
13486
13488
13490
13496
13501
13503
13504
13505
13507
13508
13509
13510
13525
13545
13567
13569
13572
13573
13575
13583
13585
13591
13593
13595
13599
13603
13612
13614
13624
13627
13628
13632
13634
13635
13636
13638
13639
13647
13649
13655
13662
13663
13664
13667
13668
13670
13671
13680
13692
13694
13700
13702
13713
13716
13723
13733
13734
13750
13752
13755
13759
13762
13763
13770
13776
13780
13784
13793
13798
13802
13804
13807
13814
13821
13828
13832
13838
13841
13849
13859
13862
13872
13877
13886
13887
13888
13892
13893
13899
13902
13903
13911
13918
13920
13922
13932
13935
13936
13954
13956
13958
13965
13967
13968
13974
13985
13994
14005
14006
14007
14008
14015
14017
14042
14050
14060
14062
14064
14069
14074
14078
14081
14087
14090
14096
14102
14104
14113
14116
14118
14120
14122
14124
14129
14132
14135
14141
14143
14144
14146
14150
14156
14157
14160
14161
14167
14183
14185
14186
14190
14206
14210
14211
14218
14221
14222
14235
14238
14241
14248
14249
14251
14256
14265
14268
14270
14276
14279
14289
14292
14300
14307
14312
14313
14314
14317
14319
14320
14324
14331
14332
14335
14338
14347
14358
14361
14362
14378
14379
14396
14407
14411
14420
14422
14432
14441
14454
14466
14468
14469
14471
14474
14482
14483
14496
14497
14499
14502
14506
14510
14512
14515
14517
14525
14534
14547
14549
14554
14559
14568
14570
14571
14592
14593
14597
14598
14600
14602
14605
14606
14611
14616
14624
14629
14635
14637
14638
14642
14645
14648
14651
14653
14655
14662
14675
14686
14690
14693
14696
14703
14715
14719
14721
14729
14731
14732
14736
14744
14747
14750
14753
14762
14764
14765
14766
14775
14776
14779
14781
14786
14789
14795
14799
14812
14818
14824
14836
14842
14860
14867
14874
14875
14880
14892
14896
14900
14901
14903
14925
14927
14931
14932
14946
14947
14949
14952
14954
14959
14962
14967
14970
14971
14972
14973
14975
14981
14988
14990
14993
14995
14997
15008
15013
15018
15020
15021
15025
15027
15038
15039
15042
15047
15050
15065
15068
15077
15080
15081
15084
15085
15087
15095
15096
15104
15105
15108
15118
15120
15121
15124
15125
15128
15133
15142
15148
15150
15152
15153
15154
15160
15164
15168
15170
15171
15174
15178
15183
15184
15187
15196
15199
15202
15203
15204
15206
15208
15211
15220
15222
15226
15233
15235
15237
15245
15252
15255
15256
15260
15271
15272
15273
15276
15277
15278
15279
15295
15298
15300
15302
15308
15314
15316
15322
15336
15340
15342
15347
15348
15351
15353
15355
15357
15378
15383
15384
15385
15386
15389
15400
15405
15416
15420
15428
15429
15441
15447
15452
15455
15459
15463
15465
15470
15475
15481
15484
15487
15491
15495
15511
15514
15525
15531
15535
15542
15546
15548
15560
15563
15574
15580
15605
15609
15618
15619
15620
15626
15634
15639
15640
15642
15647
15661
15663
15668
15675
15681
15690
15693
15694
15697
15698
15701
15706
15711
15714
15715
15731
15734
15752
15757
15758
15766
15768
15769
15783
15791
15796
15805
15815
15818
15825
15827
15831
15850
15859
15863
15867
15868
15870
15875
15878
15886
15895
15897
15901
15920
15921
15925
15928
15934
15935
15938
15944
15947
15957
15965
15967
15969
15976
16000
16006
16025
16033
16047
16055
16058
16060
16070
16075
16080
16096
16101
16103
16108
16118
16120
16123
16128
16129
16130
16132
16143
16151
16153
16162
16170
16176
16179
16187
16190
16198
16199
16202
16203
16219
16222
16223
16235
16245
16249
16257
16261
16263
16287
16296
16308
16313
16319
16334
16350
16355
16364
16369
16371
16372
16384
16393
16394
16397
16401
16403
16404
16406
16407
16409
16411
16414
16421
16423
16427
16432
16435
16439
16441
16443
16448
16449
16457
16465
16468
16493
16499
16509
16510
16514
16526
16533
16534
16536
16542
16543
16544
16548
16563
16564
16580
16584
16588
16589
16592
16597
16609
16610
16612
16613
16616
16617
16618
16622
16623
16627
16634
16640
16641
16644
16660
16663
16677
16688
16696
16726
16728
16729
16735
16740
16742
16754
16771
16774
16779
16784
16790
16791
16796
16800
16811
16813
16818
16819
16825
16827
16835
16842
16843
16845
16858
16877
16895
16898
16899
16904
16912
16916
16917
16918
16921
16922
16935
16938
16942
16944
16947
16952
16954
16955
16962
16963
16976
16977
16978
16994
17017
17030
17035
17039
17046
17051
17052
17055
17064
17066
17067
17071
17075
17082
17086
17087
17090
17093
17096
17098
17107
17132
17135
17138
17140
17143
17159
17170
17177
17183
17191
17235
17251
17271
17273
17288
17292
17296
17330
17334
17335
17353
17355
17358
17359
17367
17372
17376
17377
17379
17392
17394
17399
17422
17424
17425
17441
17447
17464
17465
17468
17469
17471
17474
17486
17491
17500
17502
17510
17520
17522
17524
17526
17537
17547
17574
17575
17577
17578
17593
17598
17602
17612
17616
17617
17623
17625
17631
17640
17655
17672
17681
17683
17695
17702
17703
17709
17720
17724
17725
17733
17735
17739
17744
17748
17750
17752
17753
17757
17761
17765
17769
17777
17785
17794
17798
17806
17816
17824
17827
17829
17843
17848
17851
17860
17862
17863
17865
17905
17919
17925
17933
17940
17946
17950
17956
17967
17993
17995
17996
17999
18000
18004
18008
18015
18046
18059
18060
18064
18067
18086
18091
18095
18100
18108
18120
18124
18125
18126
18127
18171
18177
18180
18187
18206
18208
18214
18241
18246
18259
18263
18275
18278
18279
18282
18287
18309
18335
18341
18344
18347
18376
18384
18390
18391
18407
18410
18418
18429
18434
18472
18474
18479
18498
18536
18550
18555
18579
18589
18623
18643
18647
18655
18659
18666
18667
18681
18720
18729
18734
18747
18750
18762
18764
18765
18775
18786
18798
18799
18800
18802
18826
18829
18840
18853
18857
18865
18870
18873
18880
18883
18885
18890
18896
18902
18905
18912
18918
18932
18937
18957
18968
18969
18977
18980
18981
18982
18989
18992
19000
19006
19010
19012
19023
19029
19033
19067
19073
19074
19076
19080
19085
19100
19107
19109
19157
19161
19175
19182
19189
19194
19208
19220
19228
19229
19240
19250
19255
19259
19278
19280
19283
19308
19314
19341
19342
19345
19353
19354
19361
19395
19406
19407
19419
19429
19443
19471
19474
19481
19485
19502
19507
19509
19519
19525
19564
19578
19591
19596
19598
19603
19626
19638
19646
19647
19649
19660
19664
19688
19690
19707
19710
19713
19717
19722
19727
19734
19736
19749
19753
19768
19776
19779
19790
19793
19796
19835
19840
19843
19857
19859
19866
19872
19879
19882
19885
19893
19921
19930
19932
19935
19939
19942
19950
19976
19983
19986
19994
20002
20008
20014
20015
20054
20055
20075
20080
20092
20098
20101
20103
20122
20126
20131
20140
20143
20147
20151
20160
20165
20187
20200
20219
20222
20223
20228
20238
20259
20264
20269
20273
20288
20292
20298
20300
20312
20319
20321
20329
20331
20336
20340
20342
20363
20370
20377
20382
20392
20403
20410
20434
20437
20440
20499
20502
20504
20516
20522
20530
20531
20544
20588
20622
20624
20629
20654
20688
20718
20736
20750
20759
20774
20783
20805
20810
20811
20815
20816
20821
20835
20854
20894
20899
20901
20907
20911
20915
20920
20941
20942
20965
20969
20979
20983
20987
20993
21002
21006
21011
21017
21018
21022
21036
21049
21060
21075
21087
21088
21090
21108
21109
21113
21118
21123
21154
21162
21171
21181
21240
21250
21251
21255
21280
21281
21297
21301
21302
21308
21324
21326
21332
21342
21349
21355
21375
21384
21389
21418
21433
21460
21474
21476
21479
21482
21495
21496
21498
21510
21527
21529
21532
21537
21542
21544
21579
21596
21605
21610
21620
21635
21638
21647
21653
21700
21709
21714
21715
21723
21745
21746
21750
21756
21761
21778
21807
21816
21821
21839
21843
21850
21857
21858
21867
21896
21900
21902
21914
21921
21949
21953
21956
21962
21963
21964
21968
21974
21979
21988
21994
22009
22021
22023
22036
22037
22038
22047
22064
22094
22105
22106
22134
22150
22154
22189
22195
22210
22212
22225
22227
22245
22251
22260
22265
22275
22300
22302
22311
22319
22324
22329
22339
22344
22351
22372
22403
22406
22426
22458
22480
22485
22497
22524
22528
22549
22552
22583
22602
22625
22634
22652
22654
22657
22698
22731
22734
22756
22773
22776
22780
22792
22799
22808
22827
22828
22832
22841
22852
22860
22881
22889
22903
22925
22926
22934
22937
22941
22951
22952
22965
22978
22990
22996
23004
23019
23020
23063
23064
23073
23079
23086
23100
23120
23142
23180
23202
23204
23209
23214
23226
23239
23267
23299
23306
23325
23380
23386
23387
23411
23423
23430
23436
23440
23454
23457
23478
23507
23519
23529
23532
23553
23572
23579
23593
23608
23622
23628
23635
23648
23652
23671
23681
23683
23689
23705
23707
23762
23776
23777
23808
23817
23825
23835
23843
23863
23883
23887
23903
23907
23917
23972
23988
23996
24048
24062
24080
24094
24095
24137
24153
24154
24161
24177
24228
24250
24288
24303
24342
24356
24372
24406
24417
24426
24436
24447
24480
24495
24500
24540
24542
24544
24546
24547
24551
24557
24558
24563
24572
24583
24602
24609
24647
24676
24698
24705
24713
24714
24716
24732
24735
24755
24760
24786
24799
24825
24831
24840
24845
24847
24851
24859
24860
24868
24878
24913
24921
24924
24929
24964
24971
24982
24998
25021
25024
25031
25039
25044
25064
25071
25091
25101
25108
25113
25114
25128
25143
25167
25193
25197
25207
25209
25211
25212
25221
25233
25239
25251
25256
25257
25260
25262
25293
25339
25349
25391
25392
25393
25406
25417
25429
25445
25486
25519
25527
25529
25530
25532
25540
25556
25558
25581
25632
25667
25672
25709
25712
25720
25723
25728
25750
25753
25767
25777
25804
25837
25858
25864
25904
25925
25931
25947
25948
25951
25961
25980
26030
26058
26060
26083
26088
26095
26097
26098
26117
26120
26199
26202
26227
26256
26285
26294
26295
26307
26310
26338
26355
26356
26392
26395
26402
26404
26416
26438
26452
26456
26466
26504
26597
26624
26631
26639
26649
26670
26704
26738
26747
26817
26846
26866
26885
26903
26912
26928
26940
26956
26985
26986
26992
26995
27007
27010
27015
27035
27062
27078
27084
27085
27086
27103
27106
27130
27139
27142
27143
27158
27166
27180
27209
27221
27222
27264
27265
27266
27267
27275
27280
27296
27305
27340
27390
27411
27439
27450
27464
27491
27498
27511
27544
27548
27550
27554
27576
27589
27622
27638
27640
27660
27676
27677
27683
27692
27728
27730
27737
27738
27757
27784
27802
27811
27852
27859
27879
27883
27912
27918
27928
27939
27944
27991
27992
28001
28022
28031
28066
28076
28086
28089
28103
28147
28243
28256
28271
28344
28349
28350
28362
28370
28382
28383
28422
28425
28439
28441
28445
28482
28526
28541
28549
28565
28580
28586
28593
28608
28622
28676
28696
28731
28735
28762
28783
28808
28844
28868
28879
28893
28895
28938
28941
28964
29011
29026
29043
29055
29072
29078
29098
29122
29127
29148
29165
29200
29228
29235
29261
29268
29269
29288
29290
29302
29308
29321
29325
29363
29373
29375
29402
29415
29434
29439
29510
29535
29573
29587
29594
29614
29616
29620
29623
29634
29643
29710
29760
29796
29828
29859
29868
29869
29906
29961
30002
30009
30042
30050
30069
30081
30084
30113
30146
30165
30166
30190
30205
30255
30262
30275
30294
30304
30328
30352
30388
30396
30424
30505
30510
30512
30520
30547
30570
30606
30623
30634
30647
30682
30706
30719
30768
30773
30795
30810
30821
30851
30973
30995
31011
31020
31042
31049
31052
31065
31067
31083
31108
31124
31153
31155
31220
31230
31294
31360
31370
31387
31441
31453
31464
31476
31484
31487
31578
31588
31597
31603
31609
31614
31639
31683
31697
31720
31812
31815
31864
31929
31939
31942
31951
31998
32018
32068
32082
32085
32094
32099
32133
32134
32155
32210
32228
32229
32271
32294
32395
32424
32439
32476
32500
32540
32543
32544
32562
32589
32616
32633
32676
32678
32708
32738
32782
32783
32795
32817
32862
32884
32890
32961
32996
33017
33026
33054
33056
33067
33069
33119
33192
33239
33337
33369
33379
33384
33413
33453
33487
33524
33586
33730
33782
33798
33828
33924
33975
33981
33988
34005
34016
34027
34030
34084
34098
34099
34122
34130
34141
34161
34169
34186
34193
34201
34244
34266
34325
34407
34424
34430
34459
34466
34481
34492
34495
34500
34508
34513
34537
34548
34557
34577
34584
34596
34656
34661
34719
34720
34814
34852
34897
35019
35040
35052
35059
35101
35102
35110
35128
35147
35187
35188
35215
35225
35276
35290
35341
35346
35387
35446
35505
35606
35627
35800
35870
35873
35916
36111
36118
36180
36271
36322
36327
36340
36361
36373
36404
36438
36467
36515
36749
36881
36963
36979
36983
36985
37009
37014
37076
37078
37082
37236
37398
37440
37464
37521
37654
37774
37793
37865
37926
37951
38068
38085
38110
38117
38125
38132
38180
38205
38299
38309
38363
38379
38435
38459
38469
38506
38534
38544
38617
38677
38693
38713
38737
38739
38766
38872
38970
38988
39039
39195
39219
39228
39243
39286
39317
39343
39351
39445
39469
39474
39530
39624
39640
39691
39751
39788
39790
39796
39807
39819
39873
39879
39911
39928
39982
40219
40268
40376
40380
40411
40418
40439
40447
40488
40667
40844
40894
41018
41074
41211
41234
41251
41385
41428
41481
41497
41510
41518
41564
41575
41581
41611
41639
41642
41809
41901
42143
42186
42281
42302
42438
42461
42505
42509
42523
42618
42660
42689
42747
42766
42769
42774
42784
42836
42843
43045
43079
43083
43129
43148
43167
43262
43464
43529
43721
43825
43935
43986
44054
44058
44090
44237
44274
44324
44392
44486
44488
44578
44673
44709
44945
44978
45024
45074
45123
45157
45174
45263
45282
45284
45440
45484
45760
45915
45916
45946
46197
46281
46341
46361
46386
46449
47084
47208
47521
47595
47629
47654
47686
47702
48336
48515
48604
48657
48692
48841
48990
49083
49473
49480
49567
49583
49665
49782
49898
50154
50192
50390
50393
50411
50609
50694
50713
50811
50840
50859
51100
51166
51791
51823
51836
51900
51974
52036
52151
52248
52262
52369
52429
52451
52465
52466
52834
52853
52866
53306
53323
53508
53529
53744
53843
53872
53985
54066
54425
54490
54636
54644
54647
54655
54657
54674
54886
55044
55116
55313
55328
55498
55511
55804
55901
55929
55952
56122
56215
56258
56287
56492
56506
56541
56552
56601
56618
56803
57033
57111
57408
57569
57656
58239
58249
58397
58770
58843
58844
58955
58963
59057
60130
60132
60308
60383
60397
60516
60778
60797
60990
61191
61480
61552
61933
61964
62086
62161
62535
62979
63112
63203
63235
63893
64021
64209
64253
64786
65909
65916
66677
67023
67126
67397
67640
67721
68520
69614
69767
69799
70304
70442
70471
70529
70716
70920
72419
72748
73218
73258
73841
73870
74221
74301
74810
75487
76113
76844
78153
78636
79365
80005
80263
80476
80498
81061
81172
82751
83009
83326
85173
87291
87461
87463
89447
90549
91021
91103
92742
94450
95596
96642
96752
97388
98304
99511
99836
100077
100196
100344
101351
101492
105204
105725
106411
106414
106426
107138
107738
108545
108649
113538
114708
116315
117028
117915
121702
124015
125015
126992
127020
128756
130302
132712
134447
136161
140204
142716
144911
150164
150638
155266
157465
159759
160023
162544
164314
164537
169346
172644
173527
184073
185137
195153
197192
197302
201551
202976
207385
208078
208178
215800
216495
220227
226840
227746
236934
238768
239981
240494
242187
248357
251578
258711
260612
261358
262973
264946
265527
267694
271733
273525
273544
279242
279597
288690
295040
300277
320547
332108
335470
343450
346554
350544
353310
359105
369448
386431
406187
418769
434353
459008
460350
467968
483474
489405
492398
507534
540693
552640
568601
600787
635115
646195
646196
649186
686270
702272
717099
768318
820314
848987
855415
954639
988002
1014937
1050583
1104466
1151491
1159100
1326673
1345841
1349031
1404198
1421071
1476145
1489039
1514273
1570327
1653021
1744982
1886788
2293370
2414928
2432884
2527504
2661605
3851730
3916592
5134218
5149533
5150180
5150772
5150790
5150823
5150836
5150841
5150877
5150938
5151049
5151154
5151385
5153460
5153771
5155468
