58329
42448
42088
41065
40929
40806
40682
40571
40448
40339
40232
40121
36783
36674
36570
36467
36438
36323
36204
33069
32038
31925
31809
31709
31601
31501
31401
31301
31194
31061
30935
30835
30735
30619
30518
30418
30317
30217
30190
30077
29296
27790
27264
27177
26915
25602
25420
24749
24395
23829
23825
23815
23811
23648
23349
22964
22921
22834
22821
22721
22616
22516
22474
22416
22316
22279
22270
22260
22216
22118
21987
21925
21887
21795
21767
21666
21661
21561
21455
21373
21334
21224
21223
21195
21185
21180
21175
21123
21115
21075
21005
20983
20940
20324
20234
20233
20232
20230
20226
20225
20223
20221
20219
20171
20116
19884
19781
19764
19757
19753
19752
19750
19748
19745
19637
19595
19487
18938
18848
18830
18760
18565
18533
18383
18259
18200
18185
18175
17963
17833
17779
17770
17640
17639
17637
17626
17625
17624
17427
17392
17300
17124
17071
17049
17046
17042
17038
17037
17033
16968
16855
16809
16800
16799
16794
16790
16785
16780
16775
16603
16560
16436
16423
16378
16274
16262
16254
16224
15816
15726
15665
15664
15650
15629
15628
15625
15621
15620
15615
15610
15515
15449
15440
15435
15430
15424
15294
15239
15230
15182
15168
15163
15161
15160
15159
15157
15152
15149
15127
15118
15082
15011
14960
14950
14924
14918
14903
14889
14830
14829
14775
14744
14725
14697
14684
14682
14665
14659
14646
14615
14605
14575
14571
14566
14536
14498
14497
14484
14444
14420
14417
14383
14348
14335
14319
14285
14236
14219
14205
14198
14178
14168
14164
14155
14150
14145
14111
14098
13998
13970
13961
13919
13898
13816
13805
13796
13741
13732
13705
13678
13620
13584
13578
13561
13559
13525
13520
13516
13504
13500
13448
13420
13368
13355
13348
13241
13240
13232
13229
13208
13193
13141
13120
13094
13045
13033
13015
13006
12999
12998
12990
12985
12980
12970
12962
12960
12956
12948
12933
12846
12833
12828
12821
12820
12819
12812
12811
12810
12800
12799
12768
12767
12762
12749
12733
12705
12703
12701
12674
12635
12632
12588
12584
12576
12571
12561
12546
12540
12514
12460
12454
12422
12401
12359
12341
12325
12302
12285
12275
12245
12208
12203
12202
12199
12187
12169
12160
12149
12137
12134
12132
12128
12049
12044
12023
12001
11934
11905
11900
11867
11866
11846
11807
11740
11734
11730
11720
11707
11654
11635
11604
11559
11400
11399
11384
11335
11268
11235
11229
11204
11180
11160
11155
11142
11121
11116
11105
11084
11081
11073
11070
11067
11051
11050
11029
11020
11015
11014
11010
10985
10937
10910
10901
10895
10861
10845
10824
10808
10784
10774
10763
10761
10745
10719
10659
10629
10601
10583
10569
10525
10508
10500
10469
10466
10434
10429
10409
10401
10350
10345
10344
10343
10340
10339
10336
10335
10331
10326
10321
10273
10194
10180
10136
10134
10132
10131
10129
10128
10127
10125
10123
10121
10120
10039
10031
10028
10015
9949
9916
9914
9887
9862
9855
9830
9826
9814
9810
9803
9748
9737
9725
9722
9721
9713
9686
9684
9672
9670
9650
9609
9597
9595
9580
9560
9514
9494
9489
9480
9472
9460
9436
9429
9427
9419
9415
9412
9411
9408
9405
9400
9390
9385
9378
9375
9370
9329
9310
9285
9284
9280
9269
9268
9264
9259
9258
9247
9246
9240
9227
9219
9190
9170
9164
9163
9141
9120
9108
9100
9098
9084
9079
9069
9066
9058
9055
9003
8999
8997
8985
8960
8954
8920
8918
8911
8906
8888
8884
8866
8861
8842
8840
8825
8800
8783
8780
8761
8745
8695
8644
8639
8631
8589
8586
8573
8549
8543
8526
8524
8517
8515
8513
8512
8510
8465
8449
8444
8436
8429
8424
8409
8380
8379
8369
8364
8354
8336
8330
8275
8270
8252
8245
8240
8219
8217
8191
8188
8174
8169
8166
8165
8150
8123
8099
8059
8053
8051
8045
8042
8040
8037
8034
8030
8024
8023
8021
7999
7993
7980
7979
7978
7960
7934
7925
7914
7895
7879
7876
7864
7859
7848
7822
7808
7801
7794
7791
7790
7784
7783
7782
7780
7779
7778
7775
7773
7770
7767
7765
7755
7713
7678
7638
7630
7625
7619
7584
7559
7555
7546
7536
7531
7525
7477
7455
7421
7416
7412
7410
7405
7401
7399
7376
7350
7335
7330
7306
7298
7274
7268
7263
7257
7251
7250
7248
7247
7246
7244
7242
7220
7212
7199
7194
7191
7181
7179
7130
7114
7110
7106
7100
7097
7074
7070
7065
7060
7055
7045
7035
7030
7025
7024
7019
6998
6996
6984
6975
6949
6945
6939
6916
6911
6909
6908
6896
6895
6890
6859
6858
6848
6834
6800
6795
6790
6783
6780
6760
6759
6755
6744
6739
6711
6710
6709
6679
6674
6665
6660
6650
6649
6645
6641
6636
6631
6630
6627
6620
6595
6584
6564
6549
6546
6543
6536
6530
6505
6490
6485
6468
6459
6449
6419
6410
6409
6395
6393
6389
6380
6377
6374
6362
6323
6310
6303
6282
6256
6240
6238
6236
6232
6223
6210
6186
6183
6159
6155
6148
6142
6135
6133
6130
6114
6104
6087
6080
6075
6070
6065
6059
6020
6014
6000
5996
5984
5982
5970
5961
5960
5937
5934
5924
5909
5896
5895
5887
5882
5865
5854
5840
5831
5821
5799
5782
5780
5775
5770
5769
5768
5765
5755
5754
5752
5749
5733
5720
5714
5699
5678
5670
5656
5647
5629
5626
5619
5614
5610
5609
5605
5600
5595
5574
5568
5561
5560
5555
5552
5545
5538
5526
5522
5521
5505
5502
5482
5475
5441
5429
5423
5418
5415
5413
5410
5405
5403
5399
5394
5390
5374
5372
5370
5366
5349
5346
5345
5344
5343
5332
5315
5309
5300
5299
5287
5286
5270
5263
5235
5230
5214
5200
5196
5186
5184
5182
5180
5179
5175
5152
5149
5142
5125
5117
5114
5104
5101
5099
5090
5088
5085
5084
5083
5082
5081
5080
5079
5077
5076
5075
5072
5069
5068
5066
5065
5064
5063
5062
5061
5060
5059
5058
5057
5056
5055
5054
5053
5052
5051
5049
5048
5047
5046
5044
5043
5042
5041
5040
5039
5037
5036
5033
5032
5025
5014
5010
4990
4984
4975
4955
4953
4949
4940
4939
4935
4934
4931
4923
4921
4920
4915
4911
4906
4903
4901
4888
4866
4861
4859
4852
4834
4833
4828
4814
4811
4806
4805
4795
4791
4790
4786
4785
4782
4777
4776
4775
4774
4773
4765
4756
4751
4748
4746
4740
4736
4734
4729
4725
4724
4723
4722
4721
4720
4718
4717
4715
4713
4712
4711
4710
4708
4705
4700
4695
4691
4690
4686
4684
4679
4670
4669
4655
4650
4644
4639
4635
4630
4629
4624
4620
4613
4612
4610
4605
4603
4600
4593
4580
4574
4569
4566
4564
4563
4559
4556
4555
4554
4550
4545
4538
4535
4530
4520
4515
4500
4489
4474
4464
4450
4449
4448
4445
4443
4440
4435
4430
4423
4415
4402
4401
4400
4399
4389
4386
4385
4380
4371
4370
4365
4352
4350
4349
4348
4339
4338
4336
4335
4330
4329
4326
4324
4304
4301
4300
4299
4298
4296
4294
4291
4290
4289
4286
4283
4280
4266
4265
4262
4259
4254
4250
4245
4237
4236
4231
4230
4229
4218
4213
4209
4204
4203
4197
4196
4191
4190
4189
4185
4183
4175
4174
4173
4168
4162
4153
4150
4145
4139
4130
4129
4116
4099
4095
4091
4075
4073
4070
4069
4063
4060
4054
4046
4035
4029
4024
4023
4020
4019
4016
4015
4011
4010
4009
4005
4004
4003
3999
3995
3994
3990
3985
3981
3980
3967
3955
3954
3953
3949
3939
3935
3929
3927
3925
3924
3922
3920
3919
3918
3916
3915
3914
3912
3911
3910
3908
3905
3902
3895
3894
3890
3887
3885
3874
3860
3858
3855
3854
3853
3850
3848
3845
3839
3828
3827
3825
3820
3819
3815
3810
3804
3790
3784
3774
3770
3769
3753
3749
3744
3741
3740
3734
3732
3730
3725
3724
3721
3720
3718
3715
3704
3702
3695
3691
3687
3684
3664
3646
3625
3620
3615
3609
3604
3596
3591
3589
3587
3586
3583
3582
3579
3578
3577
3574
3572
3567
3565
3563
3557
3554
3549
3546
3544
3541
3540
3525
3523
3520
3510
3491
3489
3483
3477
3476
3465
3463
3458
3450
3445
3438
3400
3377
3365
3360
3358
3355
3350
3349
3345
3331
3330
3326
3324
3322
3319
3316
3315
3305
3304
3301
3300
3299
3296
3295
3290
3286
3285
3275
3265
3260
3258
3240
3239
3234
3231
3229
3207
3200
3196
3185
3182
3171
3168
3166
3165
3160
3155
3149
3146
3135
3131
3126
3124
3123
3122
3109
3095
3090
3089
3086
3085
3075
3067
3059
3058
3054
3048
3041
3038
3034
3031
3030
3029
3016
3015
3010
3005
3003
3002
2996
2990
2985
2975
2970
2969
2967
2964
2960
2959
2951
2949
2946
2944
2942
2938
2935
2930
2927
2923
2915
2913
2912
2905
2901
2900
2893
2892
2890
2887
2879
2878
2859
2853
2849
2848
2838
2830
2826
2825
2821
2820
2800
2789
2784
2779
2778
2777
2771
2764
2762
2751
2748
2744
2739
2734
2733
2730
2729
2726
2725
2724
2723
2722
2720
2719
2718
2717
2716
2715
2714
2713
2712
2711
2710
2708
2707
2705
2703
2702
2700
2699
2697
2695
2688
2684
2683
2676
2664
2660
2658
2657
2655
2653
2652
2650
2649
2645
2644
2643
2641
2640
2639
2638
2637
2636
2635
2634
2633
2632
2631
2630
2629
2628
2627
2626
2625
2624
2622
2621
2620
2619
2615
2609
2600
2599
2598
2597
2596
2595
2594
2593
2592
2591
2590
2589
2588
2587
2586
2585
2584
2583
2582
2581
2580
2579
2577
2575
2573
2560
2558
2554
2553
2552
2550
2548
2547
2545
2543
2540
2538
2535
2530
2527
2525
2524
2520
2511
2510
2509
2503
2501
2500
2499
2491
2477
2476
2474
2473
2472
2471
2470
2469
2468
2467
2466
2465
2462
2461
2460
2459
2458
2454
2453
2450
2448
2445
2443
2440
2435
2433
2432
2431
2430
2429
2428
2427
2426
2425
2424
2423
2422
2421
2420
2416
2414
2413
2410
2409
2408
2407
2406
2405
2404
2400
2399
2395
2382
2380
2379
2375
2374
2373
2372
2370
2369
2368
2367
2365
2363
2355
2354
2351
2350
2349
2348
2345
2343
2339
2338
2337
2334
2329
2326
2325
2320
2315
2311
2309
2308
2305
2304
2301
2300
2294
2291
2288
2285
2283
2281
2280
2279
2275
2274
2270
2265
2260
2253
2249
2248
2247
2244
2242
2240
2239
2238
2237
2234
2233
2232
2231
2229
2228
2224
2219
2218
2210
2209
2208
2205
2195
2185
2180
2175
2174
2171
2170
2166
2165
2162
2154
2150
2149
2147
2138
2135
2131
2130
2127
2120
2119
2116
2115
2110
2107
2104
2100
2097
2096
2095
2094
2090
2089
2084
2075
2074
2069
2060
2056
2055
2053
2043
2039
2034
2031
2029
2022
2020
2019
2015
2014
2010
2008
2007
2005
2004
2003
2001
2000
1999
1995
1994
1993
1990
1987
1985
1980
1979
1978
1974
1973
1969
1968
1966
1964
1956
1954
1951
1949
1945
1944
1943
1940
1939
1938
1935
1934
1933
1931
1930
1925
1920
1915
1909
1905
1901
1900
1895
1880
1877
1874
1866
1864
1861
1859
1853
1848
1844
1842
1838
1837
1836
1835
1834
1832
1831
1827
1825
1824
1823
1822
1820
1815
1814
1810
1809
1805
1799
1795
1788
1779
1776
1774
1770
1769
1764
1761
1760
1757
1755
1750
1749
1745
1730
1724
1719
1709
1704
1700
1695
1693
1686
1684
1680
1676
1675
1655
1643
1638
1629
1623
1621
1619
1617
1609
1600
1595
1594
1586
1581
1579
1577
1564
1560
1550
1549
1546
1545
1544
1539
1525
1524
1514
1511
1510
1506
1504
1501
1500
1494
1493
1487
1486
1485
1484
1482
1481
1478
1476
1475
1474
1471
1470
1469
1468
1465
1463
1460
1459
1458
1454
1452
1450
1445
1444
1440
1439
1431
1425
1422
1421
1420
1419
1412
1407
1404
1403
1401
1399
1398
1397
1395
1394
1390
1388
1386
1385
1384
1382
1380
1375
1370
1368
1364
1363
1360
1359
1357
1356
1355
1354
1350
1349
1347
1345
1342
1339
1333
1331
1327
1326
1324
1315
1310
1304
1303
1299
1298
1295
1293
1289
1288
1285
1284
1280
1279
1278
1275
1273
1269
1265
1261
1260
1259
1254
1250
1249
1246
1245
1244
1242
1241
1240
1238
1227
1223
1220
1217
1213
1210
1209
1205
1195
1194
1190
1189
1188
1186
1175
1172
1169
1164
1159
1156
1154
1151
1149
1144
1143
1140
1139
1133
1131
1130
1125
1121
1119
1118
1117
1112
1111
1110
1108
1107
1105
1102
1100
1095
1092
1090
1089
1086
1085
1083
1082
1080
1079
1074
1073
1071
1069
1059
1056
1055
1046
1042
1041
1039
1036
1031
1029
1027
1023
1022
1020
1009
1007
992
990
989
985
984
979
973
969
966
959
954
949
945
937
931
930
923
921
920
915
910
900
899
897
895
892
890
889
884
881
873
871
870
869
862
853
851
850
846
841
834
831
830
826
825
820
819
815
814
813
811
808
804
799
795
774
773
770
769
768
763
757
756
755
754
749
748
745
735
731
723
718
714
708
706
688
684
682
675
674
670
669
666
659
642
638
637
635
633
630
629
627
624
622
621
620
613
612
608
606
605
602
600
596
593
582
580
579
577
572
571
569
568
567
565
559
555
552
550
549
545
532
530
525
524
522
519
513
512
509
506
504
503
500
490
489
485
484
483
480
471
470
469
468
465
462
460
449
447
444
442
440
436
435
431
430
419
418
417
416
412
410
407
405
404
403
399
398
397
395
393
389
388
387
383
380
375
369
368
367
363
360
359
355
354
352
350
348
345
343
342
338
337
334
329
327
326
322
321
320
319
316
310
306
305
302
301
300
299
298
297
295
294
293
292
290
289
288
287
285
281
280
279
278
275
274
272
270
269
268
267
266
263
262
260
259
257
254
252
251
249
246
245
244
241
240
239
238
236
235
234
231
228
226
225
223
219
218
217
216
215
214
212
211
209
208
205
204
202
200
199
198
192
190
189
188
187
184
183
182
181
180
179
177
176
175
174
172
170
169
168
167
166
165
164
163
162
160
158
156
155
153
151
150
149
147
146
144
143
142
140
139
138
137
136
135
134
132
131
128
127
126
125
123
122
120
119
116
115
114
113
112
111
110
107
105
104
103
102
101
100
99
98
97
96
95
94
93
92
91
89
88
87
86
85
82
81
80
79
78
77
75
74
73
72
71
70
68
67
66
65
64
63
62
61
60
59
58
57
56
55
54
53
52
51
50
49
48
47
46
45
44
43
42
41
40
39
38
37
36
35
34
33
32
31
30
29
28
27
26
25
24
23
22
21
20
19
18
17
16
15
14
13
12
11
10
9
8
7
6
5
4
3
2
1
0
