0
1
4
5
6
7
8
9
10
11
12
13
14
17
18
19
20
22
24
25
26
27
28
29
30
31
32
33
34
35
36
37
38
39
40
41
42
43
44
45
46
47
48
49
50
51
52
53
54
55
59
60
63
64
65
66
68
70
71
73
74
75
76
77
78
79
80
81
82
83
84
85
86
87
88
89
90
91
92
93
94
95
96
97
98
99
100
101
102
103
104
105
106
107
108
109
110
111
112
113
114
115
116
117
119
122
123
124
125
126
127
128
129
130
131
132
133
134
135
136
137
138
139
140
141
142
143
144
145
146
147
148
149
150
151
152
153
154
155
156
157
158
159
160
161
162
163
164
165
166
167
168
169
170
171
172
173
174
175
176
177
178
179
180
181
182
183
184
185
186
187
188
189
190
191
192
193
194
195
196
197
198
199
200
201
202
203
204
205
206
207
208
209
210
211
212
213
214
215
216
217
218
219
220
221
222
223
224
225
226
227
228
229
230
231
232
233
234
235
236
237
238
239
240
241
242
243
244
245
246
247
248
249
250
251
252
253
254
255
256
257
258
259
260
261
262
263
264
265
266
267
268
269
270
271
272
273
274
275
276
277
278
279
280
281
282
283
284
285
286
287
288
289
290
291
292
293
294
295
296
297
298
299
300
301
302
303
304
305
306
307
308
309
310
311
312
313
314
315
316
317
318
319
320
321
322
323
324
325
326
327
328
329
330
331
332
333
334
335
336
337
338
339
340
341
342
343
344
345
346
347
348
349
350
351
352
353
354
355
356
357
358
359
360
361
362
363
364
365
366
367
368
369
370
371
372
373
374
375
376
377
378
379
380
381
382
383
384
385
386
387
388
389
390
391
392
393
394
395
396
397
398
399
400
401
402
403
404
405
406
407
408
409
410
411
412
413
414
415
416
417
418
419
420
421
422
423
424
425
426
427
428
429
430
432
433
435
436
437
438
439
440
441
442
443
444
446
447
448
449
450
452
453
454
455
456
457
458
459
460
461
462
463
464
465
466
467
468
470
471
472
473
474
475
476
477
478
479
480
481
482
483
484
485
486
487
488
489
490
491
492
493
494
495
496
497
498
500
503
504
506
507
508
509
510
511
512
513
516
517
519
520
521
523
524
526
528
529
530
532
533
534
535
536
538
539
541
542
543
544
546
547
548
549
551
552
553
554
555
557
559
560
561
562
563
564
566
567
568
569
570
572
573
574
575
576
577
579
580
582
583
584
585
586
587
588
589
590
591
592
593
594
595
596
597
598
599
600
601
602
603
604
605
606
607
608
609
610
611
612
613
614
615
616
617
618
619
620
621
622
623
624
625
626
627
628
629
630
631
632
633
634
635
636
637
638
639
640
641
642
643
644
645
647
648
649
650
651
652
653
654
655
656
657
658
659
660
661
662
663
664
665
666
667
668
669
670
671
672
673
674
675
676
677
678
679
680
681
682
683
684
685
686
687
688
689
690
691
692
693
694
695
696
697
698
699
700
701
702
703
704
705
706
707
708
709
710
711
712
713
714
715
716
717
718
719
720
721
722
723
724
725
726
727
728
729
730
731
732
733
734
735
736
737
738
739
740
741
742
743
744
745
746
747
748
749
750
751
752
753
754
755
756
757
758
759
760
761
762
763
764
765
766
767
768
769
770
771
772
773
774
775
776
777
778
779
780
781
782
783
784
785
786
787
788
789
790
791
792
793
794
795
796
797
798
799
800
801
802
803
804
805
806
807
808
809
810
811
812
813
814
815
816
817
818
819
820
821
822
823
824
825
826
827
828
829
830
831
832
833
834
835
836
837
838
839
840
841
842
843
844
845
846
847
848
849
850
851
852
853
854
855
856
857
858
859
860
861
862
863
864
865
866
867
868
869
870
871
872
873
874
875
876
877
878
879
880
881
882
883
884
885
886
887
888
889
890
891
892
893
894
895
896
897
898
899
900
901
902
903
904
905
906
907
908
909
910
911
912
913
914
915
916
917
918
919
920
921
922
923
924
925
926
927
928
929
930
931
932
933
934
935
936
937
938
939
940
941
942
943
944
945
946
947
948
949
950
951
952
953
954
955
956
957
958
959
960
961
962
963
964
965
966
967
968
969
970
971
972
973
974
975
976
977
978
979
980
981
982
983
984
985
986
987
988
989
990
991
992
993
994
995
996
997
998
999
1000
1001
1002
1003
1004
1005
1006
1007
1008
1009
1010
1011
1012
1013
1014
1015
1016
1017
1018
1019
1020
1021
1022
1023
1024
1025
1026
1027
1028
1029
1030
1031
1032
1033
1034
1035
1036
1037
1038
1039
1040
1041
1042
1043
1044
1045
1046
1047
1048
1049
1050
1051
1052
1053
1054
1055
1056
1057
1058
1059
1060
1061
1062
1063
1064
1065
1066
1067
1068
1069
1070
1071
1072
1073
1074
1075
1076
1077
1078
1079
1080
1081
1082
1083
1084
1085
1086
1087
1088
1089
1090
1091
1092
1093
1094
1095
1096
1097
1098
1099
1100
1101
1102
1103
1104
1105
1106
1107
1108
1109
1110
1111
1112
1113
1114
1115
1116
1117
1118
1119
1120
1121
1122
1123
1124
1125
1126
1127
1128
1129
1130
1131
1132
1133
1134
1135
1136
1137
1138
1139
1140
1141
1142
1143
1144
1145
1146
1147
1148
1149
1150
1151
1152
1153
1154
1155
1156
1157
1158
1159
1160
1161
1162
1163
1164
1165
1166
1167
1168
1169
1170
1171
1172
1173
1174
1175
1176
1177
1178
1179
1180
1181
1182
1183
1184
1185
1186
1187
1188
1189
1190
1191
1192
1193
1194
1195
1196
1197
1198
1199
1200
1201
1202
1203
1204
1205
1206
1207
1208
1209
1210
1211
1212
1213
1214
1215
1216
1217
1218
1219
1220
1221
1222
1223
1224
1225
1226
1227
1228
1229
1230
1231
1232
1233
1234
1235
1236
1237
1238
1239
1240
1241
1242
1243
1244
1245
1246
1247
1248
1249
1250
1251
1252
1253
1254
1255
1256
1257
1258
1259
1260
1261
1262
1263
1264
1265
1266
1267
1268
1269
1270
1271
1272
1273
1274
1275
1276
1277
1278
1279
1280
1281
1282
1283
1284
1285
1286
1287
1288
1289
1290
1291
1292
1293
1294
1295
1296
1297
1298
1299
1300
1301
1302
1303
1304
1305
1306
1307
1308
1309
1310
1311
1312
1313
1314
1315
1316
1317
1318
1319
1320
1321
1322
1323
1324
1325
1326
1327
1328
1329
1330
1331
1332
1333
1334
1335
1336
1337
1338
1339
1340
1341
1342
1343
1344
1345
1346
1347
1348
1349
1350
1351
1352
1353
1354
1355
1356
1357
1358
1359
1360
1361
1362
1363
1364
1365
1366
1367
1368
1369
1370
1371
1372
1373
1374
1375
1376
1377
1378
1379
1380
1381
1382
1383
1384
1385
1386
1387
1388
1389
1390
1391
1392
1393
1394
1395
1396
1397
1398
1399
1400
1401
1402
1403
1404
1405
1406
1407
1408
1409
1410
1411
1412
1413
1414
1415
1416
1417
1418
1419
1420
1421
1422
1423
1424
1425
1426
1427
1428
1429
1430
1431
1432
1433
1434
1435
1436
1437
1438
1439
1440
1441
1442
1443
1444
1445
1446
1447
1448
1449
1450
1451
1452
1453
1454
1455
1456
1457
1458
1459
1460
1461
1462
1463
1464
1465
1466
1467
1468
1469
1470
1471
1472
1473
1474
1475
1476
1477
1478
1479
1480
1481
1482
1483
1484
1485
1486
1487
1488
1489
1490
1491
1492
1493
1494
1495
1496
1497
1498
1499
1500
1501
1502
1503
1504
1505
1506
1507
1508
1509
1510
1511
1512
1513
1514
1515
1516
1517
1518
1519
1520
1521
1522
1523
1524
1525
1526
1527
1528
1529
1530
1531
1532
1533
1534
1535
1536
1538
1539
1540
1541
1542
1543
1544
1545
1546
1547
1548
1549
1550
1551
1552
1553
1554
1555
1556
1557
1558
1559
1560
1561
1562
1563
1564
1565
1566
1567
1568
1569
1570
1571
1572
1573
1574
1575
1576
1577
1578
1579
1580
1581
1582
1583
1584
1585
1586
1587
1588
1589
1590
1591
1592
1593
1594
1595
1596
1597
1598
1599
1600
1601
1602
1603
1604
1605
1606
1607
1608
1609
1610
1611
1612
1613
1614
1615
1616
1617
1618
1619
1620
1621
1622
1623
1624
1625
1626
1627
1628
1629
1630
1631
1632
1633
1634
1635
1636
1637
1638
1639
1640
1641
1642
1643
1644
1645
1646
1647
1648
1649
1650
1651
1652
1653
1654
1655
1656
1657
1658
1659
1660
1661
1662
1663
1664
1665
1666
1667
1668
1669
1670
1671
1672
1673
1674
1676
1677
1678
1679
1680
1681
1682
1683
1684
1685
1686
1687
1688
1689
1690
1691
1692
1693
1694
1695
1696
1697
1698
1699
1701
1702
1703
1704
1705
1706
1707
1708
1709
1710
1711
1712
1714
1716
1717
1719
1721
1722
1723
1724
1725
1726
1727
1728
1729
1730
1731
1733
1734
1735
1736
1737
1738
1739
1740
1741
1742
1743
1744
1745
1746
1747
1748
1749
1750
1751
1752
1753
1754
1755
1756
1757
1758
1759
1760
1761
1762
1763
1764
1766
1767
1769
1770
1771
1772
1774
1775
1776
1777
1778
1779
1780
1781
1782
1783
1784
1785
1786
1787
1788
1789
1790
1791
1792
1793
1794
1795
1796
1797
1798
1799
1800
1801
1802
1803
1804
1805
1806
1807
1808
1809
1810
1811
1812
1813
1814
1815
1816
1817
1818
1819
1820
1821
1822
1823
1824
1825
1826
1827
1828
1829
1830
1831
1832
1833
1834
1835
1836
1837
1838
1839
1840
1841
1842
1843
1844
1845
1846
1848
1849
1850
1851
1852
1853
1854
1855
1856
1857
1858
1860
1861
1862
1863
1864
1865
1866
1867
1868
1869
1870
1871
1872
1874
1875
1876
1877
1879
1880
1881
1882
1883
1884
1885
1886
1887
1888
1889
1890
1891
1893
1894
1895
1896
1897
1898
1899
1900
1901
1902
1903
1904
1905
1906
1907
1908
1909
1910
1911
1912
1913
1914
1915
1916
1917
1918
1919
1920
1922
1923
1924
1925
1926
1928
1929
1930
1931
1932
1934
1935
1936
1937
1938
1939
1940
1941
1942
1944
1945
1946
1947
1948
1949
1950
1951
1952
1953
1954
1955
1957
1958
1959
1960
1961
1962
1963
1964
1965
1966
1967
1968
1969
1970
1971
1972
1974
1975
1976
1977
1978
1979
1980
1981
1982
1983
1984
1985
1986
1987
1988
1989
1990
1991
1992
1993
1994
1996
1997
2000
2001
2002
2003
2004
2005
2006
2007
2008
2010
2012
2013
2014
2015
2016
2017
2018
2019
2020
2021
2022
2023
2024
2026
2027
2028
2029
2030
2031
2032
2033
2035
2036
2038
2039
2040
2041
2042
2043
2045
2046
2047
2049
2051
2052
2053
2054
2055
2056
2058
2061
2062
2064
2066
2067
2068
2069
2070
2071
2073
2074
2075
2076
2077
2079
2080
2081
2082
2083
2084
2085
2086
2087
2088
2089
2090
2091
2092
2093
2094
2095
2096
2098
2100
2103
2104
2105
2106
2107
2108
2109
2110
2111
2112
2113
2116
2117
2118
2119
2120
2121
2122
2124
2125
2126
2128
2129
2130
2131
2132
2134
2135
2136
2137
2138
2139
2141
2142
2143
2144
2145
2147
2148
2149
2150
2152
2153
2154
2155
2156
2157
2158
2161
2162
2163
2164
2165
2166
2167
2168
2169
2174
2175
2177
2178
2179
2180
2181
2182
2183
2184
2185
2188
2190
2191
2192
2193
2194
2195
2196
2197
2198
2199
2200
2203
2204
2205
2206
2208
2210
2211
2213
2214
2215
2217
2218
2219
2221
2222
2224
2225
2226
2227
2228
2229
2230
2231
2232
2233
2234
2236
2237
2238
2239
2240
2242
2243
2245
2246
2247
2248
2249
2250
2251
2252
2254
2255
2256
2258
2259
2260
2261
2267
2268
2269
2270
2271
2273
2274
2275
2276
2278
2281
2282
2283
2284
2285
2286
2289
2290
2291
2292
2294
2295
2297
2298
2300
2301
2302
2305
2306
2307
2308
2309
2310
2311
2312
2313
2314
2315
2316
2317
2318
2319
2320
2321
2322
2324
2325
2326
2327
2328
2329
2331
2332
2333
2334
2336
2338
2339
2340
2341
2342
2343
2344
2346
2347
2349
2350
2351
2353
2357
2358
2360
2361
2362
2363
2365
2367
2368
2369
2370
2372
2373
2374
2375
2377
2378
2379
2381
2383
2384
2386
2387
2388
2389
2390
2393
2394
2395
2396
2398
2400
2401
2402
2404
2405
2406
2408
2410
2412
2413
2415
2416
2417
2418
2420
2423
2424
2426
2428
2430
2431
2432
2433
2434
2436
2438
2439
2443
2445
2449
2450
2452
2454
2457
2459
2460
2462
2464
2465
2467
2468
2472
2474
2480
2481
2482
2483
2484
2485
2486
2489
2490
2491
2492
2494
2495
2496
2497
2500
2503
2505
2506
2507
2510
2511
2513
2517
2520
2521
2522
2523
2525
2529
2530
2534
2536
2538
2541
2542
2544
2546
2548
2549
2550
2552
2553
2555
2556
2557
2559
2560
2561
2563
2564
2565
2568
2569
2570
2572
2573
2574
2575
2576
2578
2579
2586
2587
2589
2591
2592
2597
2598
2600
2601
2602
2603
2606
2608
2609
2610
2611
2613
2614
2617
2620
2621
2628
2630
2632
2634
2637
2639
2640
2643
2646
2647
2649
2654
2655
2656
2658
2659
2660
2661
2663
2670
2671
2673
2674
2675
2682
2684
2685
2686
2687
2688
2690
2692
2695
2696
2699
2701
2702
2703
2704
2706
2707
2708
2709
2710
2712
2714
2716
2717
2719
2721
2722
2723
2726
2728
2734
2736
2737
2738
2739
2740
2741
2743
2746
2748
2750
2753
2754
2756
2757
2758
2761
2762
2765
2766
2767
2769
2771
2773
2774
2785
2791
2792
2795
2799
2804
2808
2812
2814
2816
2817
2818
2822
2823
2826
2828
2829
2831
2832
2839
2840
2842
2844
2845
2846
2848
2850
2852
2859
2860
2861
2863
2864
2865
2866
2869
2871
2872
2879
2880
2881
2882
2885
2890
2891
2899
2907
2910
2912
2913
2914
2917
2922
2924
2927
2928
2931
2936
2940
2947
2951
2957
2962
2965
2966
2968
2969
2971
2972
2973
2974
2979
2980
2982
2985
2986
2987
2989
2995
2996
3005
3008
3010
3015
3016
3018
3019
3020
3024
3025
3026
3027
3032
3033
3034
3040
3041
3044
3046
3047
3049
3050
3056
3058
3059
3062
3063
3069
3077
3082
3088
3089
3090
3091
3106
3107
3113
3115
3116
3117
3125
3128
3129
3130
3132
3135
3137
3142
3144
3146
3151
3161
3162
3163
3164
3169
3172
3175
3181
3186
3187
3188
3190
3197
3206
3207
3208
3212
3213
3215
3222
3225
3227
3229
3231
3233
3239
3243
3246
3249
3250
3255
3257
3258
3260
3262
3265
3267
3268
3273
3281
3283
3286
3288
3289
3290
3295
3300
3302
3304
3306
3308
3310
3312
3313
3321
3324
3331
3334
3338
3347
3350
3351
3357
3365
3366
3370
3384
3386
3394
3400
3401
3406
3411
3415
3416
3419
3421
3422
3423
3424
3426
3427
3431
3441
3446
3455
3460
3465
3468
3472
3475
3482
3483
3486
3487
3488
3489
3491
3492
3498
3506
3508
3509
3514
3525
3534
3545
3547
3553
3555
3557
3561
3568
3570
3572
3574
3590
3591
3592
3610
3614
3617
3619
3620
3623
3637
3638
3658
3659
3663
3666
3673
3676
3683
3690
3706
3708
3714
3717
3731
3732
3742
3746
3751
3753
3754
3755
3775
3776
3780
3781
3783
3798
3801
3806
3808
3814
3841
3859
3878
3888
3890
3893
3909
3918
3923
3929
3942
3945
3949
3952
3973
3989
3994
4012
4013
4019
4022
4025
4031
4034
4043
4045
4056
4074
4085
4093
4105
4107
4113
4130
4134
4146
4166
4167
4173
4174
4178
4181
4182
4186
4209
4211
4215
4216
4247
4261
4306
4308
4316
4338
4350
4374
4380
4385
4392
4416
4426
4429
4435
4442
4450
4455
4501
4508
4533
4536
4539
4542
4592
4602
4603
4637
4650
4656
4657
4663
4689
4690
4703
4715
4716
4753
4754
4763
4781
4793
4822
4854
4875
4876
4892
5049
5072
5086
5090
5092
5120
5143
5150
5161
5167
5194
5196
5197
5198
5208
5209
5210
5214
5224
5293
5319
5336
5347
5393
5397
5488
5512
5519
5525
5558
5599
5661
5688
5756
5823
5840
5850
5854
5885
5891
5929
5966
5979
6004
6043
6045
6062
6080
6091
6093
6125
6163
6198
6210
6234
6260
6274
6296
6363
6433
6458
6471
6517
6519
6531
6541
6601
6664
6750
6788
6800
6826
6838
6853
6887
6895
6901
6927
6932
7012
7022
7045
7077
7162
7196
7233
7279
7280
7321
7422
7474
7501
7596
7673
7708
7753
7766
7767
7771
7940
7971
8173
8325
8496
8684
8737
8746
8766
8951
9018
9161
9178
9198
9284
9295
9311
9331
9360
9468
9489
9597
9640
9783
10044
10073
10261
10272
10389
10406
10545
10554
10578
10579
10626
10634
10676
10726
10738
10745
10761
10784
10815
10869
10894
10928
10945
10958
10959
11023
11061
11108
11162
11219
11238
11244
11299
11303
11315
11357
11367
11370
11371
11372
11376
11383
11388
11395
11408
11409
11414
11419
11431
11432
11476
11477
11482
11492
11512
11515
11516
11524
11531
11540
11548
11558
11561
11563
11573
11575
11578
11580
11584
11590
11603
11612
11618
11619
11627
11635
11667
11674
11679
11687
11695
11704
11705
11722
11726
11733
11739
11752
11761
11764
11765
11767
11782
11789
11794
11819
11820
11823
11840
11842
11844
11866
11867
11898
11902
11915
11918
11963
11987
11991
11994
11995
12019
12028
12032
12045
12049
12060
12089
12112
12123
12125
12140
12165
12191
12239
12241
12260
12286
12289
12295
12311
12318
12324
12328
12337
12352
12424
12431
12452
12455
12482
12490
12517
12583
12607
12617
12627
12640
12655
12661
12666
12670
12679
12682
12691
12719
12748
12749
12762
12775
12804
12813
12824
12825
12834
12841
12849
12862
12869
12896
12897
12905
12916
12924
12943
12983
12990
13067
13097
13133
13140
13239
13275
13333
13349
13354
13399
13423
13448
13476
13492
13514
13521
13523
13545
13548
13549
13711
13718
13735
13739
13743
13748
13777
13794
13814
13859
14052
14189
14209
14247
14349
14490
14496
14588
15141
15310
15377
15492
15688
15716
15722
15726
15744
15876
16115
16384
16447
16661
16662
16665
16787
16829
16952
17045
17092
17458
17890
18980
19590
19632
19721
19749
19842
19844
19845
19856
20439
20440
20531
21048
21103
22224
22532
23622
24240
24252
24440
26280
26408
29200
29922
29954
30683
30723
33336
33580
33996
35195
36256
36500
36530
37257
37960
38284
38568
39698
40494
40636
41772
42082
42340
42737
42759
43232
45260
45908
46152
46720
47612
49640
49818
49851
49859
50004
50248
50816
51100
51180
51992
52293
52560
53168
53208
53452
53776
54020
54060
54540
54689
59860
60864
60990
61298
61548
64952
66896
68119
77761
88382
92994
93005
100788
106387
106502
106532
106536
112813
151264
175337
250697
250699
250736
250760
456980
501760
715240
2104380
2194619
2500058
5131424
5133876
5133877
5135678
693375640