2
13
123
5
30
121
166
117
270
133
205
199
3
233
96
8
1
9
223
280
248
279
14
33
57
181
122
22
228
50
262
4
11
108
80
44
258
10
61
26
120
73
135
24
148
206
175
63
52
125
168
145
138
276
220
212
250
132
109
146
300
129
32
82
15
21
110
6
7
246
272
259
294
79
190
245
263
87
292
295
143
278
102
251
222
260
511
287
486
286
35
28
101
12
19
406
17
201
124
162
277
274
141
103
171
238
281
163
301
16
46
39
211
256
144
104
18
74
225
66
139
241
213
36
254
179
195
20
208
268
425
42
196
111
237
257
77
137
290
203
116
457
47
71
200
140
68
215
115
275
76
202
252
197
198
154
204
25
459
253
142
167
43
221
224
284
150
255
235
131
100
34
151
130
236
84
265
210
54
23
127
118
242
320
114
136
209
297
106
299
509
234
88
244
240
149
92
191
230
99
226
81
219
264
232
126
194
266
27
282
134
65
269
216
322
31
271
180
45
366
231
214
78
29
229
239
105
217
261
170
164
51
434
307
75
113
207
112
432
72
247
89
67
291
273
40
288
55
285
267
86
189
147
48
435
59
107
441
289
446
37
69
38
169
347
160
98
128
391
365
85
173
249
510
296
358
398
298
174
185
70
119
90
184
192
49
308
158
227
186
178
452
53
177
305
193
176
155
492
60
496
62
335
354
293
243
56
97
380
188
187
311
361
356
458
95
157
482
312
218
447
159
94
165
336
83
153
476
344
485
91
303
152
323
468
350
93
64
41
58
424
283
461
497
440
348
423
182
156
352
403
340
304
417
161
172
319
411
422
306
449
183
484
363
360
487
383
436
330
351
478
408
477
413
421
393
480
445
370
401
381
357
399
438
378
316
394
490
309
338
317
481
353
488
407
318
444
410
373
453
342
310
508
379
463
456
341
389
329
302
355
333
388
384
364
500
479
460
334
448
404
427
489
326
362
472
464
315
442
439
494
375
454
313
324
314
376
502
409
473
493
450
437
451
419
405
327
367
433
390
337
471
321
346
506
397
325
402
507
470
368
382
467
418
491
328
359
443
415
504
349
430
343
501
455
429
465
416
369
483
372
377
505
345
0
474
396
469
374
331
395
385
428
387
332
431
412
495
462
499
414
400
339
503
392
386
475
371
426
420
466
498