0
8153
420
2251
13788
616
1178
11905
105
14421
6588
10499
1400
555
45
147
43
2302
372
3006
861
498
1398
69
133
2794
333
2878
42
2790
5683
3982
379
3762
1416
1483
44
331
102
750
354
306
7227
761
1212
9165
2243
301
335
511
431
145
974
2649
275
138
46
334
139
903
1357
1011
8412
1719
981
10352
16096
283
78
8437
128
135
529
465
6834
329
364
656
1185
2470
1938
4781
11564
2445
426
762
575
330
326
34660
2698
8549
6008
1411
12984
449
169
304
12884
328
955
77
142
912
1789
1380
870
1468
1423
9551
864
10369
6924
709
851
3360
134
2719
771
9598
651
447
1951
453
1980
5530
321
1701
1229
573
821
146
327
765
15455
315
70
584
2844
5670
9986
48
1301
3327
1249
3282
4482
302
3754
6282
8314
1461
657
5921
7902
1956
8113
280
17540
4
581
148722
764
5284
997
1643
2881
494
1401
282
362
110
3582
1668
310
4137
6880
1707
6367
2507
15767
241
3245
131
368
23786
4302
1240
320
546
29
828
1475
13206
12793
788
2451
1125
6914
776
7546
1841
2109
1260
136
4152
2966
325
3332
41
488
1745
1285
72
9399
455
1596
4486
253
117
2313
1824
1767
2304
422
223
79
10647
753
193
3432
12141
1889
1540
1923
2254
6546
16143
2253
578
5199
23051
523
22996
266
37327
8654
3081
2547
255
359
65
1270
3215
179
40
4759
7958
5193
3295
12471
82
1
80
345
130
119
395
1758
1227
1509
358
303
4591
1022
2108
6721
8339
7262
13038
390
3380
291
132
256
7497
307
276
482
748
1294
1383
4768
3491
1062
1337
3477
2140
1783
478
259
458
126
2276
6725
607
868
3042
224
281
493
363
2737
1425
13603
8921
347
7384
12623
332
336
5834
1427
1035
2795
940
663
2408
11680
27998
5745
402
1417
1875
602
436
370
83
6776
71
12642
8611
10686
520
759
3938
408
260
23920
3556
934
1247
1224
3941
183
6622
583
317
1137
73
123
15
4084
357
11380
13450
2449
1981
38643
682
234
108545
4143
16574
12604
3808
91
2887
6874
1704
16819
7204
9696
2659
6833
3819
12037
1600
3222
2446
2107
608
749
9544
15495
380
2488
7999
512
1129
2924
943
8621
566
1695
1319
8015
24786
47
6471
337
786
68
366
495
116
338
900
499
2531
1061
140
313
311
263
374
5918
13508
23376
1408
3571
273544
18881
1541
5250
107
71903
15119
3891
267
1738
807
1225
4114
2435
3709
2070
14609
672
4841
1148
1476
274
1650
10561
1444
14515
479
760
928
269
7833
11758
8377
365
13592
1831
772
127
731
923
93
2996
9968
789
1394
7980
2862
5015
660
2839
4858
4408
2055
29228
6662
1863
732
1317
2358
841
783
1801
7473
81
667
296
2196
1518
1326
658
2281
1669
1964
1608
284
1063
125
632
1660
2362
272
7542
1531
1146
882
1367
322
6991
5604
19994
6329
15021
927
377
8584
7189
2344
1511
392
2288
8784
185
3966
758
36500
1556
1481
3679
2777
238
11830
1442
360
2853
486
5309
388
376
7931
3632
481
1567
1133
375
39
1991
2400
3413
1901
1630
1543
413
295
36
1651
1478
4184
399
2198
7299
412
170
886
950
3415
438
74
2840
1675
473
833
3119
2211
937
1295
2047
2239
2495
27062
1074
7339
30881
115
1054
1159
1792
1422
416
3085
4291
2159
189
339
2279
2522
11440
654
261
15255
500
4724
9547
12937
3322
106
2174
2942
143
10179
757
323
86
1590
2769
5524
1415
14210
2113
36749
129
1718
1728
10063
18056
3207
3452
1086
2402
290
93111
3225
5567
31876
14087
3307
1197
279
471
3521
674
10044
1817
10925
1179
367
901
501
75
37014
286
76
1402
9928
3159
1770
2325
137
89
1705
19714
13667
87
538
6763
2085
2447
384
1116
11052
188
442
4624
2241
1522
1308
95
441
5717
242
15642
144
7973
312
2906
2647
2713
693
678
34
1341
8222
1762
13335
1474
318
15560
8315
19271
545
285
398
508
2289
273545
702
1785
1282
1448
4798
769
5627
9586
226
497
867
460
1305
1436
491
14600
911
685
2491
13070
9768
2090
650
18666
2084
8064
1505
10378
695
751
8734
1943
15697
406
885
7464
537
1798
3142
207
67
767
9578
1860
1410
433
2052
1107
5739
4504
597
3088
8193
2453
2348
1032
622
289
3270
27740
3403
5280
1529
1218
2077
522
3298
1451
1640
2656
2654
1349
626
9284
595
278
1924
1046
942
1345
2783
1713
9442
1456
451
1075
4663
2431
1321
2324
118
1241
503
4148
7886
2911
16060
2352
1156
294
12566
111
8936
2914
265
1585
222
1141
9142
1930
1721
5612
6946
675
6627
15544
673
411
3467
381
3550
4330
737
620
114
341
13784
3848
37654
3589
1452
1375
638
5894
1832
6602
11633
3490
774
15084
1291
39751
6462
6961
2948
2006
8073
570
51
6312
1226
23209
5215
2551
340
5379
4971
25260
23436
4165
3198
1645
1647
387
7207
492
756
32099
12211
7332
3011
4104
1725
186
12596
714
1026
6335
1761
922
300
521
3410
539
6418
1694
4788
394
1949
457
10993
484
720
580
16978
5360
1912
703
397
409
8356
1893
42780
10184
4673
181
554
12602
2956
268
1396
3473
2317
3792
2747
11753
5989
1187
305
3226
1344
8171
2868
3074
258
1130
46746
29363
10333
1215
2835
10715
8448
443
5120
1281
1834
1065
1768
904
819
68700
540
1020
3373
1005
5864
3766
3579
19134
2193
1374
36186
477
2674
7003
671
8502
9534
999
1674
2224
1157
1963
1588
18555
780
1688
9457
9185
8188
4675
1177
12598
14123
724
2664
2535
38
3662
3781
715
8230
1447
5468
1047
3008
1850
36985
4014
352
2280
2563
270
2322
24716
149
324
19887
784
5011
1972
755
13246
515
342
405
604
1182
85
1960
2595
2238
891
24161
124
17844
2553
419
404
773
2301
4015
468
20526
2628
1433
1484
14141
244
182
6614
14650
12008
505
2226
1971
726
2518
11732
2011
1864
33988
728
1533
20006
5369
12913
25519
7412
1202
564
2627
1976
966
264
3913
1158
3622
2097
1609
26866
1973
510
684
206
2137
2483
2555
9207
9102
1910
2005
2066
5357
1737
176
235
383
1040
175
1246
1918
22757
35052
2120
1537
23476
1172
18127
9091
6356
2566
444
1808
598
1942
1204
1354
17733
22150
710
245
962
414
2638
1931
12621
2417
1493
5790
56215
7522
14328
2165
984
14593
6476
52
3814
8596
2822
1722
1749
680
14206
3825
590
14506
10707
2577
3010
1496
1406
719
2181
3971
642
439
1699
2316
6634
371
1978
1494
109
37
2607
1092
5916
6193
38126
990
8786
1205
1816
1155
88
386
640
9572
1072
6534
1726
4097
1582
6827
1088
835
16129
173
5907
985
277
1364
1099
2328
4009
3200
1366
8440
2093
810
112
2731
25323
4937
9541
14895
3276
1568
2004
3138
314
978
9532
24572
11334
9225
6186
1884
5985
2728
2833
839
1846
10269
639
7648
2720
3487
276683
17
15525
9067
958
29200
1805
12798
1753
396
1777
1736
1108
1353
2498
52465
712
2771
2117
434
2309
2532
80476
745
2828
393
293
2038
2965
5949
13599
10384
1917
11327
1214
1110
10839
1788
20138
593
8955
150
421
634
7589
10861
8646
2538
2819
3433
25925
33514
1051
1112
23036
35841
309
706
17905
38322
1639484
5095
385
5189
1787
1259
10616
5905
38677
459
27264
2860
68041
9728
1071
787
944
361
11783
1515
1300
2668
3078
148
791
1289
5942
5971
3769
1614
1919
2242
803
1516
373
6979
6030
2452
5286
1769
4076
11829
13184
1528
9847
2750
4357
9304
3125
113
8454
1348
400
858
18014
2686
25683
2809
2859
13110
2125
1010
1228
1042
122
33586
609
1905
3504
1145
785
9648
454
25078
9785
7461
1752
3881
8091
3290
2602
820
22792
423
1565
3090
3616
4713
1268
2826
3516
12085
2776
23875
3462
5044
957
2115
1993
154
10481
5872
9703
14561
8546
3796
3313
6731
1691
16802
1892
2295
17893
8004
1948
5859
7466
3351
5939
1080
1329
16064
480
924
1399
12067
2714
1381
7203
5888
9001
5696
16144
1414
410
2802
15777
1820
200
3865
349
3867
6822
973
3831
744
346
938
711
6300
2586
5678
3846
3957
49
1003
6074
5299
1236
916
1028
3660
120
3543
1486
1966
6496
1143
5828
6527
6107
21900
26526
16120
9998
9267
967
1283
36362
1138
7596
236
1965
3183
248
2617
101286
2203
6665
815
43465
647
698
6902
3026
101
191
1368
2550
7477
3079
920
550
8260
1322
2207
2596
6891
1998
18
369
1437092
2610
12944
12282
22780
6401
28808
22403
8243
4294
33
1837
8378
734
16407
569
8083
27619
8379
3765
6530
1999
925
2494
5166
2958
2042
15272
2300
2424
811
894
589
350
3874
8939
670
9911
26097
1248
2156
12591
1503
3816
1856
3381
768
1052
4060
3712
8819
11375
8143
536
7176
391
1426
1355
424
7367
2150
6250
4727
649
3166
1809
1012
2735
1547
3236
4763
2920
415
1382
1571
563
1625
98
1551
203
12771
1363
1644
4951
7737
13341
2263
18968
9979
2539
239
7610
356
1554
2091
3177
708
1778
2778
10597
4367
57238
35215
866
926
7333
87461
50
3252
10180
2944
725
596
44324
588
6052
655
809
1331
462
526
544
1626
2985
1372
3915
1437
1899
461
11111
476
171
738
12922
2168
13236
808
8708
7240
9518
3749
21761
10311
812
418
15626
543
983
4962
1460
960
1849
15165
11283
6406
1373
18840
2651
2963
446
2622
141
9166
8415
2542
633
733
11355
6480
1920
5415
1115
1446
1004
2474
3783
5422
9833
7197
10714
1487
5170
1254
770
1431
1352
2516
30427
5370
2075
5150180
982
15121
15087
5726
18736
2367
13020
475
4297
1610
2514
292
5773
3895
7877
3451
644
525
8422
1309
4185
23401
4326
8277
5056
2764
38988
795
10117
9443
13692
659
9567
2202
1469
8970
210
1865
579
122343
1592
15580
31639
7300
8760
1472
450
5149533
1611
6014
2135
3503
18004
1109
686
18942
9621
1256
3518
92
987
100
3110
8865
11250
34193
18275
1438
881
26088
2585
2982
8263
489
10431
5131
5131424
1464
3016
1412
430
10010
10554
2873
4125
1078
86082
1619
1659
2529
1263
1840
2019
343
832
1361
14029
1211
28707
2249
692
1041
1384
2282
3063
4848
2057
2134
4239
6727
4173
262
4835
1819
5548
646
2170
531
1885
549
8647
6380
1812
16904
1597
11058
1922
7939
5220
1100
3804
1888
741
2792
5875
13175
2013
24758
2734
6850
14568
2173
17449
96
4509
401
1968
3261
21375
3991
743
13023
22691
1252
4894
993
1009
1709
17237
1113
6757
1315
6489
7659
3918
6956
440
1378
4103
7962
4111
1992
16025
10388
29623
7263
6452
2333
64787
6015
29165
7355
1070
2139
3544
15157
9569
1607
4978
1796
5593
3233
2669
22265
18604
8346
766
7956
3009
5381
6760
5941
553
3731
837
15564
84
4512
8891
707
998
919
1656
3909
16806
5830
3751
532
11889
1293
1637
1193
5383
1463
930
4900
11763
13336
38780
4743
7104
1342
1579
22075
13042
24
2235
3039
7732
572
3248
5150772
4945
1858
1271
1167
2824
1683
2194
8528
22260
856
1419
12047
38435
7570
26466
6068
806
2271
1900
24043
2592
2825
7712
1575
10679
1712
18912
1084
2855
941
4158
1593580
4200
4593
2810
664
37127
14468
3185
9533
1335
11095
873
560
35
4412
3767
6153
3569
4907
456
2554
1680
5503
231624
9287
8292
3393
9002
2450
896
22784
1313
1069
1830
152
8843
4465
2370
1791
777
13056
4500
187
2480
12268
17071
4017
9965
857
752
23681
6393
1044
1750
3053
2501
382
8719
18318
2841
2752
7256
4977
10783
9092
1123
7208
13096
9146
10470
12405
5238
34537
1333
3089
9059
14779
13637
3497
3897
6746
15298
4204
5831
30066
2899
3416
11892
308
3542
2457
28076
2912
5592
567
11445
9822
6033
116202
2178
1267
121
240
4898
27928
1307
18308
26
3505
164
344
22158
502
1744
4580
299
1580
12632
3851
4704
1314
12679
7525
3383
9724
797
10246
6509
225
4739
1370
15150
61552
7775
5320
3583
11271
1944
5348
874
5196
15634
1139
9320
530
9133
1190
10220
1165
2311
5071
35147
2762
736
1548
7286
166
599
8110
935
4267
9813
8386
1085
8134
5417
8420
9884
1233
2119
2832
11322
47657
6676
4794
2578
17975
7185
21067
10111
14073
1397
16934
5163
3990
6825
7527
11193
4083
5966
2500
15360
39228
4930
2568
2774
1653
9819
11512
6464
1615
1206
3729
8585
3136
9737
1646
4758
2922
1800
1053
13389
872
297
1512
5915
319
2028
17192
151
25948
619
6717
445
3199
1244
6660
18246
30328
561
1894
1274
2557
7156
4455
1473
2441
635
2100
10723
4070
1617
557
3370
1391
10047
4793
2594
7462
6361
1811
2393
1160
7903
3465
4826
389
26817
1403
2658
2730
516
1186
1549
2406
10383
9463
1748
3643
1409
1928
15764
1056
55704
51823
7806
12324
24871
7654
883
1181
2346
2345
466
1517
1371
11399
21953
8127
1443
4760
4741
5887
917
4282
3934
254
14927
4324
437
592
1237
913
1471
3005
3636
781
10421
13144
5376
13560
804
798
5735
2432
11472
15646
2252
3300
6273
1953
3355
316
9910
2411
32
4359
50694
5549
8892
4988
251
11415
410092
547
7768
1606
1958
9693
16118
1231
4296
3780
7280
2662
865
12605
3333
4218
3581
298
1360
2143
1055
611
2341
30113
237
3051
10928
3280
48103
178
1555
668
54
4306
9668
7802
34500
472
5480
4006
10687
6423
24080
669
6654
3563
15511
1203
4570
13258
3672
4425
1890
32301
3742
2807
1217
19807
14183
14334
17287
7313
25284
8627
1911
403
3302
1257
11256
849
10432
8163
4721
407
3876
14276
10208
17177
4023
5105
3586
2222
4364
7055
8491
483
2007
287
594
1724
1045
8889
3623
166520
8139
10157
452
3120
378
1324
29468
26382
6657
5172
2095
10826
6499
14962
1479
1114
3552
4686
4954
6162
1690
3284
2590
2894
971
1286
2012
3231
3434
1407
4966
16749
257
470
1857
3975
6023
947
4542
16372
2278
10110
4791
229
11572
22965
6912
31614
3997
1491
9418
2619
32424
15337
8663
887
1320
57408
4080
1104
2269
5776
6204
2274
10828
14875
1639
1031
12689
652
1648
13356
10739
1091
27544
6758
3211
921
469
1546
662
1904
18961
6901
2232
1603
4041
3810
11759
939
2901
5637
197
3067
3073
9562
3654
5197
20256
2199
3247
271
1038
2526
1440
8104
159
4154
534
4220
1747
6726
2471
15252
4471
1845
4240
7071
956
11802
13357
10161
429
293300
7065
1622
524
2296
1288
72748
1346
6194
2936
61
1024
1459
4380
1604
288
18700
1492
876
3376
11744
3058
4062
775
1292
2705
485
1111
14884
3040
10366
273
10541
713
830
3871
5759
1977
2061
14358
16319
4815
4030
4435
879
49083
1281000
2524
1350
2593
9257
863
3625
860
1002
13278
976
6860
5399
18376
12343
7143
1154
1404
3534
4142
1955
747
1183
1861
2469
5200
14050
3062
1869
1188
11836
541
4459
4145
3145
6669
2081
13125
9981
585
30547
10913
2702
2413
5109
2943
6533
161
559
8525
19790
30973
2051
6139
4049
20669
9673
2354
3326
4567
4136
14664
8159
37895
10012
8801
2307
818
3978
204
1581
600
6895
5476
23238
16123
2676
790
6449
613
577
4475
3862
4530
717
1173
177
2353
24668
834
23086
929
2969
3325
4559
740
1903
5378
39431
3112
1253
13345
16044
666
1018
20143
2537
1564
1488
5515
2175
6396
3884
4039
5137
3755
4126
4903
12139
2971
1570
8545
2118
27498
1266
5626
4315
2327
1836
30739
23239
6839
1553
190
2701
3091
2335
12044
6251
2340
14496
676
3437
946
55328
1385
1925
90
487
6992
10403
504
6264
1195
1587
228
4631
2387
6773
2275
10203
1077
53
31039
38299
31700
8275
988
250
1299
933
3734
14721
2308
8513
8932
5103
3390
4219
970
5159
8774
1171
6593
1664
9963
1715
29269
9324
4213
5444
10669
4096
1638
1164
4374
5308
1576
1037
4822
636
892
12164
1729
7510
6258
40380
12001
2342
34030
10399
2904
3653
1273
17703
1601
2071
6428
1613
1209
3369
2486
1021
1735
201
681
21240
11431
10755
14571
1232
9458
25618
1413
558164
646195
2510
18046
4405
30606
2056
15915
1757
3898
5643
11202
13543
108
1933
13224
5202
1524
25961
677
7637
1347
1296
1388
3656
8020
548
5817
334048
884
2169
148111
2760
5260
2369
1902
2126
4046
103
25429
3985
9317
1628
871
4843
15618
13574
8723
5556
25044
3018
2768
9020
12987
1043
4511
157
3182
10326
846
813
2625
688
16771
7066
4396
3649
2360
7629
6818
20504
1970
8550
2761
33054
14560
2748
2770
24647
11798
1909
5760
33580
1572
448
15650
12894
2180
220
9950
232
954639
6734
2076
7487
2265
26098
2153
2138
1220
2872
3630
3928
11087
2827
7488
474
8658
6722
7635
9763
910
1287
1013
4454
986
27280
2527
3591
4061
3675
1759
7190
18037
26340
7872
35096
1359
5175
994
3480
2572
4281
1946
1208
931
2072
15675
5669
12009
3537
4918
2710
683
5077
4861
2857
679
12818
11864
574
16626
7734
3970
2716
6096
8147
2543
18273
1867
4026
2851
3030
831
8557
28362
7303
14638
198
2897
8486
21556
1039
9238
2033
1066
1395
3076
7816
6845
9720
1429
1536
36853
192
1428
2102
12304
21778
19950
115374
12235
5969
10053
6696
30262
3989
1671
9618
3902
9585
794
9333
32795
513
12714
6134
9213
7131
3692
9204
4556
701
3191
3329
3511
952
1954
4414
23622
5651
11040
2416
6271
1379
3411
16225
34099
3860
1449
9080
605
4557
1264
16692
18682
2523
7848
39004
25262
576
3859
12834
11682
2603
1730
782
13466
6086
27865
3448
8745
23151
22841
5352
3243
3811
8487
1081
34237
2801
219
2059
5606
1784
1566
4286
2099
1681
4073
542
2092
704
6806
8821
700
2183
3541
8867
9338
1093
601
25672
8743
2870
3133
6163
3250
13614
428
19144
1068
249
1163
6341
14299
16627
2528
3023
18619
37266
3303
17797
2448
5465
2630
3098
12525
57
1535
221
5443
630
4740
15416
53151
1242
8844
6359
2101
14148
3773
4868
4770
1365
7745
687
2941
10351
27000
3834
20595
1822
9158
49163
11262
535
6281
5129964
10880
1265
7195
162
2043
6094
231052
9761
11008
3118
10713
5566
4058
11944
5080
13491
4929
1059
1432
7590
1813
2000
2122
23473
2147
2637
7296
4671
12721
649186
1434
9079
1223
10706
3683
19400
45893
4201
198172
2503
16639
1095
12128
4115
1848
51974
2919
3605
2616
8836
12250
51836
12835
742
464
18930
11609
15105
2688
5775
1151
11113
805
1000
7523
2700
3227
1117
111864
11211
19827
11675
690
13204
16588
18932
34513
2001
43800
9542
20791
22835
7823
4275
3567
2233
4116
20629
2073
52248
12542
11803
5937
4869
3880
936
4254
2573
2631
25660
3429
5081
19469
12360
6084
3293
1015
8258
2756
2648
467
2785
2462
1302
12990
29122
5573
15698
7329
351
18036
5093
11361
799
2459
4119
3896
8539
9595
1654
6917
10994
12486
4279
6224
5721
1672
25024
9455
7609
6055
5087
14949
10449
10144
4433
1853
11269
15965
32365
1591
2361
19932
16070
3394
552
2039
14445
20377
1418
6133
134175
246
9927
2467
1891
895
439262
10835
7353
13988
13887
3024
9478
2058
27078
6529
1908
556
3123
6189
26504
2401
28
1128
13294
12469
6178
5430
20737
160
12234
12434
353
6604
3396
1786
6314
4205
2436
5150836
25728
1330
11689
617
558
13391
232250
1880
18873
3054
8579
2753
2430
2444
3431
814
42340
8435
38544
3101
36668
81673
7475
918
5281
2584
1696
3923
38492
17087
11766
15693
1090
3436
10416
3184
4399
156
4712
2245
6982
1569
603
6560
1682
2591
519
4948
3057
5285
16641
31
9736
9066
1445
1663
8157
7669
3294
646196
7103
11455
13225
1144
3102
1424
1064
4069
11312
12640
2823
2791
1542
2736
56
8702
32617
144411
15028
28696
13140
9755
19572
15968
5337
11913
24971
1389
3714
2781
2808
425
827
52838
20165
10134
19309
4057
4036
3205
6136
18278
3551
31011
779
3193
7976
7405
8822
5397
3805
1550
1162
1538
42841
13352
2570
855
19085
3048
8284
2989
4086
527
13283
4355
2751
2530
1430
5124
95839
29325
10121
10848
888
41901
17602
2690
2605
11094
30042
22886
24695
3510
7432
25868
152110
2443
11580
8317
3397
1405
816
87532
22047
8467
4320
2230
6775
5347
36322
801
4047
37009
31230
2025
4196
19471
35949
6943
72160
6892
1676
18805
2670
2350
844
2576
3308
467968
7373
2804
1150
2031
10462
38761
38125
10194
2017
1480
10318
243
6072
4428
38649
1103
9009
19983
1947
10209
6542
1962
8753
2063
2858
746
15342
16193
1605
22934
1560
12265
11016
2506
824
2565
2374
22055
10609
5325
8484
1310
1598
1328
8172
4498
1169
12040
2757
2363
34557
13292
1774
1147
5421
3845
16918
1213
64983
12712
35040
4309
3707
1530
4437
4767
10726
3718
847
184
2635
5975
2663
1490
6402
22461
6771
5019
9765
914
3594
11390
8181
1497
2683
15621
25517
689
2186
1462
2880
2152
5931
3368
7897
9515
3973
2312
1323
1279
727
18177
167
2412
8903
4659
7945
1362
4289
2536
5725
7703
3883
3461
2891
1842
898
565
4874
15475
1969
10389
19835
8544
50390
13807
24566
8390
61632
9076
14320
5756
2955
38506
1733
2124
1098
3070
65909
8257
2739
7128
12326
9384
3741
2775
27728
30205
4257
13386
2972
9121
255639
951
4633
13831
8673
8056
11607
3727
3983
2661
3740
14236
8521
3162
45024
27660
4766
915
1510
3748
180
1338
1828
10699
4037
30
6410
2991
7149
72771
6684
822
7334
9345
10210
40396
12635
5264
13083
14642
4105
4427
2472
215
5121
174
2189
417
4834
1392
24084
3253
5024
10613
24802
24293
1119
7255
25796
3238
3495
3798
3232
247
6801
13187
10849
10976
176690
10471
853
20424
2020
3115
907
1306
4872
13635
3315
4187
10216
2213
3644
2380
5740
2200
2418
1272
19109
1921
897
2208
1280
391074
9432
21002
11868
3420
6603
4789
6703
5723
33318
1097
691
1727
1269
6340
3445
4304
8561
11280
2597
3012
2396
15128
2022
2320
10914
8597
5839
20502
2381
74301
893
1170
10344
817
11785
5324
2201
3669
32395
7764
2131
5658
14319
1454
2142
12863
1927
5230
1667
1001
1058
2195
2999
19796
5340
8705
19175
10496
2793
1686
19076
2398
27919
10929
10113
112155
43347
3629
5583
3100
14483
823
7321
6148
8564
10622
6672
829
1779
3540
56851
40975
2067
10957
1636
37867
4960
705
23776
6515
5316
3350
97
27137
1907
10229
3084
5840
3189
2512
5151385
7225
8075
125015
10615
2842
13503
16564
2599
1376
12777
20131
2974
1284
5323
21815
8391
6463
587
6225
4188
8227
2014
4845
1929
14512
22925
9275
908
2429
945
196
7129
2321
3402
4547
11593
3999
29148
7309
16696
9996
28224
5663
10733
852
5691
3337
10762
2273
4101
21937
4175
1298
51633
8724
1562
12636
1466
8082
8792
2365
6160
99
2257
3758
2787
3187
11308
6154
3358
17739
4124
5690
2247
5557
94
3287
160618
16162
3666
1534
20578
1450
641
21006
7285
5086
4695
3962
4146
7080
1532
1708
3901
1751
6087
796
1174
629
185137
10829
11255
9309
3939
10160
11629
5012
735
13595
2964
19
9536
1896
6046
1997
1986
10949
838
1633
2003
1854
4194
8323
1616
6345
1096
5495
2167
4066
2234
22190
5342
11595
20719
14999
3578
3719
3759
47606
2133
343450
5458
1251
5854
3409
11848
1586
5288
2884
3905
16609
3931
1621
2141
13774
21335
7819
6656
10614
5226
7624
25608
59
5147
2885
19440
1467
9308
843
4779
1297
430260
7181
7223
11209
80677
5929
6944
9916
24313
4393
9692
10773
13792
506
10317
25096
2540
1657
1025
8851
52225
3882
1790
24065
22497
836
15986
4555
5255
2410
8793
2732
41234
4665
8625
7122
1435
2053
6126
2403
490
36644
8265
6317
6989
29072
1679
2633
3306
11245
11394
10892
3724
6523
4198
1552
459008
2171
13435
24820
4244
4544
31067
15925
2724
28967
11239
1278
5013
16493
2875
12935
5953
859
8622
7483
14102
3832
7920
18540
20626
3055
7139
13265
1030
2395
1121
8449
6010
11161
1048
12437
3385
5847
20101
7646
501872
19010
26829
18407
2094
7587
8098
10077
1142
1839
8122
1776
9347
41699
2356
4382
12971
172
4823
1982
27340
5512
754
64
1122
2667
18469
3855
10915
1985
1014
7714
1175
22189
1559
6109
1049
11970
2889
9784
7970
3197
5036
16090
10988
723
7783
854
6217
5223
4401
1290
4976
2129
432
31149
14903
3588
7561
12518
7911
1027
9018
2665
4178
269225
2815
1772
6201
24698
890
8678
17086
10566
194
6935
17376
2666
6752
17750
5154
637
3296
9132
9283
23507
1906
3441
8765
716
11624
3235
304489
3359
845
3892
10716
718
5184
16879
8541
3256
15768
6083
12985
14948
163076
2158
3743
15111
6076
11636
1198
623
1577
4430
3842
2575
2852
8796
6887
648
4123
15639
4369
3953
2650
12997
4411
2105
7675
22978
5876
1498
12505
7396
1023
1089
47556
13364
1210
1453
972
4561
435
2816
20264
3036
21305
3155
31052
9548
8195
10189
3968
2758
2148
1755
5341
4283
1678
19281
4522
2089
42562
9605
4537
12031
1926
29482
2684
2030
3797
24356
16263
3181
20567
8370
4214
8924
4699
7914
11710
8653
8244
12959
2780
1140
1866
3557
7620
3725
3576
38789
528
1544
15481
1847
8825
31209
11331
7096
10231
9895
11598
949
4321
1716
631
3710
7391
12719
1594
1470
21816
12832
1589
1127
3428
83763
612
8421
8503
6112
4705
2132
35811
21519
7549
9042
1189
11750
1765
9568
124970
9339
16642
12426
4536
23652
19080
5408
155
7134
6503
7498
30143
2913
5133
4902
2511
5589
4020
2420
7095
20446
3389
24556
13474
20
25167
1239
168
3323
31441
12909
7650
3278
14120
1937
2997
17329
12948
1489
5110
2299
6229
29434
959
5292
4862
44028
3127
2050
729
10708
9041
5478
5538
9156
16394
40731
2315
6390
2499
696
11619
8870
10690
27576
8871
1136
4586
2552
7431
4441
5684
16684
621
11546
1563
3607
10055
227537
1311
4088
10355
15279
3468
15250
44237
1358
18538
9743
9615
3879
12523
4849
10920
5965
12538
15019
5917
2087
4329
2229
31998
32439
645
2298
1006
537176
3446
2191
586
4906
961
158
7770
1859
2921
3080
5814
1983
5151049
9210
31512
5455
5973
6257
9527
5321
16282
10907
5241
4287
3801
11542
6479
14208
7685
3357
2127
7925
13936
10033
40238
4706
16313
2937
5903
30570
48478
10253
16702
9949
9851
16199
6469
4241
7623
19230
39242
1913
19840
840
2385
5645
2708
1340
10840
9887
2040
14630
8156
3530
3634
3606
2144
32287
1506
9161
18123
2029
5835
2439
5214
15574
16294
15520
2678
7769
3002
18899
1879
2172
11317
13877
288711
5366
2240
10446
5162
10834
975
26990
618
4295
3234
4949
16409
10530
1421
17014
694
4674
18986
643
19735
9186
1818
10939
43963
3800
2487
12656
4089
8670
1838
3685
77053
55044
2160
104132
2290
47268
1377
11368
42784
17010
3353
25212
2874
12311
1939
1967
5856
11221
12540
44962
460350
1135
2636
4787
7169
5531
3097
1393
14426
17122
2376
6265
5194
5852
66
1760
4896
3180
15302
6349
3626
51100
5479
8186
15815
2277
5035
17035
4161
38379
3273
7594
2893
60397
6465
27640
2283
20810
3870
2703
989
1222
355
901953
4223
7969
3007
2382
4496
1771
39243
7907
15276
6843
721
1862
5575
24793
1124
19488
5578
2442
12183
2366
1387
1261
1149
12739
909
4445
7507
32588
418769
2215
5449
1851
5153771
33730
6552
4620
31950
11529
3830
4711
7042
2696
4005
5072
11359
1714
7695
2026
5682
6987
4912
14553
463
273525
8617
697
8718
1243
2861
22324
6195
2849
32961
10093
30361
2727
2268
7817
4838
3114
8720
2375
11933
5401
3506
5032
5150
9236
24840
2672
17623
5317
18798
8444
3263
5057
14602
3077
3203
7736
8812
299236
1635
3175
32085
11447
1351
9991
4156
1881
23210
2329
4298
5608
14078
1697
2959
153
34577
5452
14616
1482
880
14729
1199
8667
13202
14271
21681
7628
2545
25277
6043
20137
3502
1994
2034
1935
3317
2314
10578
7509
36315
37165
3950
13031
6106
18897
2817
8857
14983
3952
2032
15085
2018
4762
12202
6824
3249
10104
7963
842
8856
20651
21659
1629
11403
8714
2876
32755
10217
1083
3721
5034
55
2293
9698
9127
4467
37817
14249
6343
1843
12277
4269
10064
26956
11902
2419
2176
11277
16116
1304
106411
5259
9264
2515
4438
7121
58249
2373
759161
7184
13833
17068
6787
8913
44058
5454
6286
7662
11036
6693
43464
252
8556
218
49480
3348
12035
15641
722
4596
12331
932
9055
6044
45263
17888
4916
5694
5434
26832
9428
24180
54674
27554
23013
1618
2079
37097
3512
4640
27305
9487
3628
1390
28392
1734
1082
427
1882
14113
2259
1878
316498
4993
4280
2574
31124
14542
6447
2438
14408
3561
5165
14580
869
20811
5190
9961
16355
34084
25155
1501
2390
1916
5647
2414
17637
4403
6641
28735
8583
7536
9529
6707
5510
18884
16212
8103
20905
5930
1184
12874
10776
8677
23971
3221
5545
12095
2504
39896
3395
4452
7740
6632
3947
9834
20400
2103
3404
7698
11178
8947
2209
19377
10396
2482
2618
2505
5498
3929
1327
4517
477817
1743
2978
9513
10139
12891
25143
905
10131
13194
9980
3992
13668
12691
6673
2463
4024
15233
5642
9589
22092
3033
20214
11354
4215
7308
10235
20920
2415
3443
4928
2069
2954
27265
6718
4656
48484
5251
17335
2455
7853
12161
18108
1465
14570
17328
11485
56492
2149
3459
108559
1720
1649
201030
6736
517
8829
5925
216495
25804
6905
11132
12617
5838
2244
10360
21786
3820
3705
29308
2562
2994
5210
3314
9549
7397
1781
8826
11288
18524
5687
21580
24573
37746
12246
8945
2337
2225
12977
6284
878
15863
4167
1120
9311
12308
42438
56275
11863
6652
10931
3128
2182
20456
10393
1814
5020
5384
1698
20308
4777
20945
4720
31155
18980
26903
12
6066
6524
54631
5336
15387
34719
25389
5858
17471
9886
3335
2854
2925
7562
6545
3529
4480
4601
1775
2383
10862
3170
1386
2699
1873
1989
1764
2968
9019
16215
4833
5290
55901
9177
2460
509
2961
2916
5005
15447
2888
8917
7314
2015
3453
10188
2256
22129
7578
8081
3071
5537
3163
4904
22526
4764
5755
165
6297
4578
12862
2655
551
3106
18391
18008
5136
21950
7310
1702
10620
8397
5891
2680
11755
3342
31220
7697
8823
8729
12757
3275
5972
2210
12325
8624
21611
3691
4139
5007
39982
10226
10382
13003
14173
13902
13358
4394
1325
2136
5963
2687
4317
32294
4859
16954
6477
18865
1230
3536
8032
1159100
8985
15977
5967
1060
3817
3738
5150841
28382
4368
10822
1102
230
2454
3485
150658
3041
6804
7959
9231
2456
2024
2044
979
11430
5501
1602
1732
18330
11510
81280
13130
5987
11417
37236
3787
5442
19107
7824
7409
8354
6482
14662
5525
1746
6377
2742
2866
10736
1524348
8126
14235
7613
11573
23457
4352
2923
6171
3254
1952
6277
3045
4965
4774
7543
3206
3028
13572
23972
11336
17894
35916
3132
5096
4453
5976
4431
980
10452
1874
4383
33208
15278
1844
4840
21892
3292
12382
3508
10261
3488
44211
802
2220
16494
10734
6639
2946
2569
29055
5082
5558
4090
2745
22458
3218
11773
3687
8573
5014
5561
4265
1523
44979
8042
15506
28541
15474
38737
10864
4730
4404
3208
1620
8368
2121
33098
3526
3590
1276
4221
17431
16592
1245
4226
862
2197
21319
6032
91068
8499
1457
4255
3216
1797
10912
22101
7882
19560
7560
1420
11953
1584
33640
1887
25917
19311
1815
1113826
7177
4112
17140
24665
16287
18529
14693
233
954
9021
5450
14245
54675
9472
1741
1825
20790
34027
3851730
13640
2898
3338
3186
4351
2364
10257
9030
16850
56533
8023
1632218
348
12221
4371
5675
10737
29268
10408
5957
1016
5167
1527
9753
2509
13671
13525
9816
2517
1207
1658
3500
4603
2372
8818
6492
3399
1984
3535
1915
16091
7883
5877
27
5519
2945
7356
70559
5895
1693
24243
18051
16617
15616
4691
24690
11713
394616
195
2248
4493
12422
6013
9303
4256
17810
1508
653
11168
54886
35008
4655
2621
991
27158
5539
5176
11243
9211
7568
1079
902
17477
2579
12260
12976
12381
15546
2917
5981
25709
518
5338
27331
2641
7643
27784
11846
6608
4811
10719
6049
14185
2895
2741
8213
1007
6921
18725
2155
3212
9248
8311
3311
11844
3377
14768
34720
11333
2820
2838
22776
2725
23484
455669
3619
2219
7054
5395
4110
5278
6553
1131
7205
4417
8151
3305
5183
14424
3907
9477
7430
11670
3047
3139
47710
22779
6940
1519
25712
6613
10233
216664
1941
22344
826
63203
3900
6878
606
11711
25
4266
1106
8854
20378
19986
2434
9103
1897
27779
4646
10514
7501
20848
10191
10672
20440
8931
27221
9375
27266
13553
4975
9722
5314
12271
20598
4056
4528
2422
3720
1221
33116
2890
3609
4613
1685
3885
30114
5419
61382
9449
3726
2255
2799
12887
12954
21641
7757
10155
4170
7896
5070
2533
4998
1194
18864
15050
24735
32850
8914
7398
3599
226840
4520
4982
44486
27810
55408
5599
4682
8095
13380
14020
10564
2957
14056
11974
6279
1940
7273
6303
4857
10182
10478
9032
3802
4752
3608
33119
11034
13277
887107
6078
18034
6538
7266
4617
12615
177690
11515
15142
8771
8578
10041
13542
18434
4113
1665
5653
5394
20029
1087
14997
3147
6571
15452
1773
30695
23474
1191
12641
1161
1652
45415
16764
7302
8571
6155
6431
16955
2935
8514
5300
9221
58843
17742
3914
7936
61819
31907
3201
16132
99511
2264
906
5750
2772
6332
27643
5301
24936
1126
2729
6861
6120
11335
9790
8240
4305
43980
7243
19189
1742
205
27084
9988
20599
8773
8841
6928
6365
3533
34141
507
3560
3105
1201
2640
23477
21094
969
14361
199
4447
5991
9386
14511
6011
3426
4361
2613
11471
2080
35138
3889
1895
18146
2465
8115
12774
14665
3682
2492
1871
35216
15206
3763
8497
6794
14484
6221
1255
2918
6700
8672
4792
11077
8441
2258
17367
64021
17030
7656
1332
2692
5445
3424
3103
10375
4635
11971
3109
6984
38617
15516
1687
1200
2909
22980
18600
16416
12112
2865
3156
6455
2606
146065
8108
13794
14471
4627
2481
6559
1176
7447
51166
7782
31044
2111
11696
11223
7219
4160
13082
9373
2926
7892
12595
5884
11069
6882
47055
2190
3279
118160
12042
3061
15402
9957
7778
8982
64209
30318
7955
14573
17520
4795
5845
2534
6594
235008
1134
5674
5150877
40100
136339
7283
2759
848
1558
5208
47027
4994
4278
39027
19874
2112
4867
1105
65916
9691
25558
5171
184107
2212
1520
10757
5
4155
6157
5485
3267
4078
968
48165
28482
19707
11439
6576
15374
8489
4054
23731
10966
14607
5141
3299
10506
5928
15465
6209
8052
9557
3124
6993
6544
1803
4385
3195
2074
7667
507534
3444
19274
9825
16080
12722
10701
6879
5363
9295
16257
2384
15786
3944
6283
17995
4458
35764
3173
2394
7344
1477
17180
12194
5140
14116
22627
4451
4722
12616
6315
7871
7082
3555
15234
44488
8250
1258
7033
20078
1703
2083
5269
5304
2231
7504
3597
20075
574784
13639
20622
3438
1886
4690
12097
28502
5712
19046
7634
763
2098
7407
7950
13664
4531
8313
10516
3095
15647
10886
9497
10347
25021
1711
9730
6318
2712
9005
7106
875
14952
5499
6089
7312
5719
11601
9891
18445
7502
10300
1545
12138
2587
13713
1578
18282
5149
4723
28198
7385
7427
31244
2746
10054
13392
34548
11067
5132
42836
1495
2653
20979
2130
216
6200
7644
2214
28344
1700
1356
13920
3318
4701
2048
12218
4168
3960
3612
3665
3242
10833
7895
23872
6061
11541
80753
7270
6237
3419
5902
8861
3972
14965
8140
25087
29710
3
14146
27548
16462
10654
4238
19717
44578
5938
19578
6730
16834
977
32782
5878
2008
10786
8019
7909
18918
26219
10498
3272
12931
1153
11379
45076
6026
24149
5733
7608
3082
11100
13892
11764
2611
13985
25193
11574
6045
1033
11588
5233
15405
4432
3925
1780
227
1623
31189
3418
3364
2789
5562
2088
10205
20473
3126
3374
3615
2707
14588
1612
792
5565
8271
2164
4135
60
17039
4551
1196
28890
8485
23360
8543
3775
7087
16029
14648
3400
5950
739
8740
12149
9852
10526
2689
13628
2766
1262
25494
614
3963
2330
16813
6967
5276
16239
3049
10413
4390
17173
5507
13591
8116
11232
17096
6536
6459
4714
1995
4797
6690
8282
9678
5866
4199
40898
22793
31812
15388
28441
11509
5265
41144
9877
42785
15340
43129
1539
2284
10655
21374
17149
14789
21494
13728
496
3219
11887
13209
6232
699
137562
7927
7880
11316
4864
10204
25128
14892
5100
3072
2216
4533
3893
4285
11617
5764
9889
6219
29026
9454
1303
2477
2318
1870
3610
1441
19361
6591
4307
11153
6437
6886
10073
9918
99068
1180
36055
4539
582
25209
44023
219837
14089
16751
19659
5494
11943
2285
11839
14966
4333
33056
6540
13506
6706
9145
2829
3835
13735
5511
12088
12513
171136
18905
4608
8228
12797
8766
6097
8180
30696
3584
4708
5388
1017
4790
3746
2464
4050
7834
15860
18255
9626
7474
7153
9525
6357
7162
7086
19559
11075
13838
5947
25322
38363
13932
7183
6737
4816
6551
1332438
4729
4757
850
2145
2502
3869
24551
5732
9337
6236
996
16292
9385
5827
19665
2960
5778
12573
38534
5132416
8551
16139
20238
6461
31781
10962
5844
16618
10992
4926
9294
11715
6626
6504
20175
16759
28864
15033
3853
4134
28941
10581
10004
10584
25213
4941
3223
26928
3624
10569
1573
16425
1833
16411
8711
4007
5874
1343
5240
8709
3285
4177
10485
54490
30520
11995
5623
70827
16777
3319
11426
11965
205950
10420
6228
4183
30880
23142
22698
19525
3501
35870
8036
1821
7918
44673
24048
2609
2882
2336
20052
15041
16109
13570
6468
26918
3690
11762
3593
4597
7937
5313
392735
25736
8040
3559
778
3604
16203
2788
88696
3440
3371
615
2286
5298
13974
7566
10313
16607
9714
17945
1794
20603
5156
7840
5770
38951
334069
4664
89306
965
32780
83028
3756
920608
13535
25799
23714
2228
17680
3150
5572
5030
11751
5151154
5134
6814
17855
5329
14864
4648
3768
5069
4082
10788
36707
163
23387
43148
34767
7387
35387
335219
571
877
8872
5541
16334
1234
20092
4950
7544
2106
13014
25753
3737
67023
6093
10066
6829
7605
9960
9420
20392
15323
3684
106734
2624
7763
10627
8357
38864
5865
2564
12553
20266
6038
8846
14615
2558
54647
10553
4654
7826
3592
7803
11490
14060
6233
2473
9849
661
1029
8046
4553
2054
3547
14936
5943
3932
1334
7827
2423
9905
5243
2110
10091
1094
3750
7202
4668
17960
6521
1458
3027
8466
18347
4697
8951
13561
16219
5234
11620
4416
6866
8298
22935
11184
35496
4186
21454
1309937401
3083
3659
3574
8930
4582
6615
9395
33067
5508
2440
18276
7221
11740
11811
58410
25392
5657
5262
7229
2967
9531
9109
46417
2743
4515
9830
7569
47405
3793
7478
8661
5586
2779
6182
6019
5797
25887
8119
3926
6564
6409
80498
5222
6941
3116
5481
107135
29495
17860
2797
20974
18417
11033
20255
4483
2598
3056
11878
2291
11733
13755
11743
42747
1277
10334
5734
11938
6239
3476
4584
4010
4753
8504
3361
6997
3670
5046
1439
5650
21587
8173
13135
2027
11200
1988
4358
5228
21653
3486
4622
12821
7424
63211
36490
3171
2856
9721
53306
5423
235404
1008
17501
4228
2267
4334
3828
29678
16461
5722
20625
7297
2843
5886
6419
1996
4997
14347
46593
9831
1118
8185
15247
2977
6906
7279
4521
10640
3694
8581
7679
10146
81172
6123
2784
227544
29290
18779
5688
22206
3573
10769
2639
8520
5374
9524
2334
11495
21199
5767
10684
4319
14005
3266
3392
2151
25705
4685
57111
10169
2223
8234
6191
2184
3716
24232
5029
7051
11657
13150
4341
10500
10724
13359
320547
9251
10371
1339
2546
216966
14799
7492
12474
8973
5359
4337
10722
2877
9140
7742
9865
4856
12890
63112
10176
4389
5033
1782
2064
18279
37865
8613
35701
2798
17829
12133
2305
4032
8762
19921
15644
15350
3239
28422
11940
18992
1961
3366
2601
6322
30448
5122
8092
3844
3794
14510
2582
495899
10195
12682
6970
39873
5550
5062
81061
5483
3935
18977
11772
6137
55155
2614
1807
2204
19341
13248
3387
71032
7277
15808
20779
8980
64054
15189
209227
6927
6164
50154
8926
1514
6851
1502
4250
7058
7091
32120
3466
2466
1959
3841
1872
13575
9609
2294
38172
9398
7038
3637
5632
4881
3003
1019
26764
23661
5730
15273
28586
6085
4216
5505
1975
2086
5021
3158
15895
17684
22021
2377
7859
7711
11741
8518
4091
5294
9038
1521
12589
5640
6042
1336
12991
11667
2721
5291
6208
40147
5581
265184
11251
2767
4095
3791
11900
8763
9424
2427
12561
3770
5375
3344
11507
15171
3548
4716
5428
9882
3836
33509
34661
27001
7971
54636
6161
8777
7337
5808
4803
1369
4203
3301
3920
2010
10524
5283
9490
6678
27411
55313
17235
3507
5849
3899
5041
624
10785
10319
4031
20222
8849
7476
13965
5472
8615
8876
47084
2660
4939
28906
8033
9419
4550
36950
10372
6443
9434
4649
1627
3531
12446
23063
33359
11235
5636
8029
32616
9114
26597
568
10585
8387
9381
14462
1166
26491
9085
1050583
2332
12334
6210
2521
65776
14763
3998
3553
3917
164112
5919
2612
26494
2818
5377
26083
2496
202
18957
10576
8076
5185
5467
5053
14686
1898
48247
15014
13171
4595
24322
28320
9331
4526
3733
9689
10820
10328
7649
26280
10986
822486
5235
49082
4141
46361
2733
5168
3435
16773
19395
13593
11700
4021
52451
8727
11688
5322
21531
32330
8530
14682
4600
17023
3113
4800
18862
4360
2041
1324486
400291060
14934
7551
15404
6144
3060
2886
3943
12090
1990
3244
8401
7491
7340
12557
16122
25972
39195
24924
11089
10329
2738
44183
44246
6659
9245
13950
11634
3761
10799
1810
6716
5318
9675
8908
12837
4992
11947
9727
22932
3229
21714
7345
9644
8306
7878
5134218
866032
10936
6285
5396
10702
45322
13011
3386
19692
19550
11121
4210
45760
9180
39537
30278
1795
3068
2634
19127
10735
5816
1101
12747
10056
6047
2717
5700
4418
2414928
18645
64786
15661
20200
44740
8785
9920
19025
10392
9985
3178
9164
339045
8380
9924
13694
20331
6344
44978
9923
49640
31108
48336
13770
1763
12195
1526
1677
11653
10656
11325
15789
19000
6863
2068
5339
26977
11180
5074
10212
19854
8633
17562
9492
10330
48614
16818
13016
3209
9025
20042
18022
11120
8190
18836
1557
5177
1485
7182
665
9271
18526
11386
2078
12734
9808
9370
5356
25520
2952
9407
7889
4540
5098
5783
9262
9867
1275
4505
46777
7213
4159
6872
12613
24495
14436
9070
9097
18241
29370
7061
11148
34169
23139
5017
66067
20229
13210
1076
28066
514
5540
889
20777
19680
3921
32884
3784
5048
4132
39648
7571
16597
26435
8591
19444
3688
7888
1216
13067
8919
6681
2379
2187
4995
8191
14090
15831
2583
3210
94872
28035
2806
5392
4261
1499
12259
3648
24058
114518
40968
4917
26284
5977
13382
5076
4891
2975
11499
8017
9195
10219
18708
17081
14663
3439
2711
11400
3471
13673
7670
2217
15133
8987
13009
2297
12436
32018
20080
6585
1793
10350
12389
5516
3202
6655
26080
45284
24969
4415
1574
9717
14074
2166
8111
3919
6202
6651
47595
4029
3652
23305
4231
8909
6207
3423
17753
19600
6421
14286
7864
6310
2475
7943
16811
14399
8162
7692
24583
23742
9637
5594
4038
45784
36983
5610
3310
32944
5191
5766
2993
29567
9358
7325
5157
8320
10782
237720
21636
2979
9976
86758
12125
2116
2749
2343
3850
6679
3986
8152
3494
19329
1504
4460
38684
1152
5559
163542
5851
9139
14978
35219
11466
21048
6810
4051
10370
25453
11329
2697
5182
992
8775
2192
16644
5787
4687
5061
4707
2016
14362
3258
9247
18546
8135
2428
17577
17113
4698
26992
4179
9462
2834
10289
26438
3257
2541
6117
6939
14312
217
16944
52577
3484
3627
4336
62086
4819
9006
9599
215800
506468
23836
5571
11949
5602
6299
8364
1974
6842
2981
15814
5863
12155
7426
4599
6129
6764
5810
9908
6831
13968
7168
8888
10075
3493
2123
11030
7972
5799
1499891
16571
2002
10079
1631
10908
2188
18885
19063
22282
3635
17662
5116
6002
6609
504344
5150938
19969
9528
1957
6185
7113
8875
3650
30647
9212
8175
178017
13452
21206
22756
33722
3522
1987
11723
11002
17996
9558
4395
14846
13408
12482
2227
19736
8002
10285
31786
19935
6325
144715
11326
1316
7550
9484
6385
157465
1661
3176
4709
5754
15590
4350
10022
27228
35800
17500
18764
6600
7668
1684
9222
1706
3408
14993
5998
1936
7012
129701
23100
2368
18853
6675
1826
27085
3262
213
825
9803
4581
10677
4449
15237
3711
2405
11875
11796
29321
21838
3330
9875
12120
12678
21435
6590
8790
7541
31222
5492
3614
88306
13332
10059
9051
2879
7592
16779
22418
25395
2062
8496
12521
6867
14313
11765
14632
18974
13321
31782
4027
16566
2433
13111
13233
13994
38960
4166
44107
55578
9115
10419
142716
63785
7433
4109
41844
5293
15581
14592
7383
14067
15215
11639
1151491
6211
23466
2221
7178
11683
21250
2782
2544
8998
11460
8419
4771
9523
4233
7751
8160
4474
2645
17183
12045
58612
3753
9617
1067
1739
10279
28271
6291
14772
7933
3228
12974
5800
15376
9034
4873
5083
24603
3936
21108
3587
4981
2830
5729
2205
20290
3930
2128
5860
28218
4308
15514
7408
8287
5038
9945
9970
8445
13602
35424
45157
48108
4742
2338
67069
8166
108913
7529
2391
25224
2907
9685
3833
15080
4092
12351
1673
18822
13507
8768
21896
14806
4370
3678
29121
5904
36111
35341
2023
2987
13800
7960
13930
12560
11167
11972
1192
258229
11044
4025
4658
8997
9794
45478
10577
2608
10027
9421
6674
4288
96140
5744
1624
4262
2812
6999
5212
8009
190971
1662
5420
2892
14578
9805
5846
800
5358
6071
10488
4558
61964
8216
16791
3265
8476
1802
12919
2973
9603
9630
562
25114
3532
5652
12569
3427
2250
1835
1312
8746
21610
24964
11470
317733
6781
3785
21596
59219
7822
19589
744605
5289
627
7557
10036
1806
41971
14084
10927
7900
2657
3730
1219
6017
2560
24580
3863
32967
2675
2600
4310
6649
17463
11599
16883
15900
6513
4488
20076
7423
6701
14432
194672
147317
3157
15993
6240
1073
61957
6507
9829
12425
3647
24905
2947
12348
6412
2776333
165715
4609
50040
6060
8737
5402
11547
19859
2407
11508
8198
100344
11631
5186
1799
4605
21164
9459
1932
9175
5600
9404
4325
31484
5521
3868
7138
4523
2896
9340
10853
17834
3840
396336
3161
21951
33542
9921
58400
1934
5491
4844
7773
7765
5203
2681
15928
14176
19764
2331
17547
12915
9464
84751
28927
2270
3658
9328
39911
9683
6267
21839
191273
2218
8344
18499
27946
3034
4973
9591
5741
131431
6682
8536
5936
22426
11414
39474
13923
7989
25207
17377
5630
39296
16758
6712
4065
2035
22769
24527
25530
30443
18418
3890
5695
2388
19140
5848
2679
14165
13700
11911
11365
3815
12822
24859
5933
7434
3379
11592
14244
1057
5901
13451
6877
4016
12212
5940
14144
13208
6483
10857
67721
4253
5590
4421
12852
7175
74546
20414
10870
4959
2949
2065
4812
28746
29868
4899
31509
11352
15563
17631
38970
13596
88287
8226
23454
99836
15875
16274
27872
7730
11513
10662
16
14606
9517
18247
18091
7029
5365
1877
5466
7908
176336
17239
6692
37667
38132
41018
4225
5435
29098
4836
9701
144911
36979
11268
13752
13126
10148
15299
4340
2632
8084
948
9124
5372
11388
17981
6821
82751
4344
7565
6909
6
7458
7210
2754
22562
25602
32500
8886
12892
15933
628
10293
21867
6238
14377
14205
6175
7450
19806
2021
8012
14507
3146
5150790
17708
9357
14880
6694
11208
5277
15710
6779
730
1235
2355
18989
35200
8253
13911
5979
5898
12893
8943
9772
45074
8616
36605
16931
20037
22642
4641
1583
6261
3312
94982
41292
3339
12840
5897
6230
1525
11214
29859
7342
21365
9107
19113
28439
31377
8887
3621
1666
5440
7363
4189
4546
9951
625
9016
8442
2869
8618
11859
8764
20816
9205
4386
42660
10128
12698
14781
4323
17763
3375
12706
3772
9521
14804
24486
10995
2323
6101
2837
28549
11406
59063
6494
13598
14509
13029
10373
10190
5310
4676
12555
4423
4783
13149
4033
9178
11650
29538
3141
3172
6671
12634
5173
15249
18856
44709
14525
8934
45282
4397
23208
9682
2903
12660
11476
6374
11487
1293386
8093
6501
1642
3857
17424
16499
31939
6857
4630
2497
4876
9047
13259
591
46138
9282
2082
4946
5970
17358
3987
10896
5836
6392
17727
8050
7453
13176
40439
4693
6931
3152
3475
1710
9363
14939
32821
3021
9268
11524
22926
2836
4363
2571
19886
12052
13504
13722
10225
3269
8758
8759
5705
10336
2157
5962
22342
16572
17386
19238
2037
10851
42766
7261
14517
3809
5296
9725
12408
33599
6844
11518
7126
3887
12081
9587
10625
8912
11545
3457
14539
7829
81760
3458
14219
10459
14353
16364
9969
4817
3639
24676
16694
3861
15297
5429
9872
24315
6214
7085
6158
10511
1632
5528
2386
39351
37490
15011
5089
11676
11928
16709
15211
19646
9514
7137
9952
6823
21921
2306
20731
3336
31995
3722
12687
4996
13361
19561
3029
6196
10996
117808
26476
7799
3406
12156
40613
8079
12245
16136
5496
6371
1723
26456
1689
2162
12462
20309
7161
16613
6582
14150
6115
5211
10401
36569
3289
10003
6004
3140
7532
14397
10023
54550
17848
9633
9263
16262
10165
6907
22368
20054
10437
74925
4085
7050
15486
4128
11791
31609
14812
13804
7852
2236
5584
11590
4785
1318
2620
11073
6302
10306
4378
2378
16390
7534
3492
18050
3984
8669
15668
3703
1189158
8100
4335
9216
18740
12143
15181
24860
28893
23294
13119
15174
3001
6143
25393
4519
139645
13279
6007
29415
9330
14143
2561
38237
2685
4749
10697
6009
5470
6596
6792
2319
23468
13490
8061
9757
9914
3878
11090
11293
1587397
4516
77216
6698
12986
17542
35813
9571
4192
1168
5633
1823
9712
6378
3430
3864
10970
3321
11378
6395
38205
9622
7957
30644
13670
11045
15862
8220
9660
4028
3382
40411
6487
11960
9584
39445
5782
5232
18472
14052
7268
16222
10873
6364
9676
3052
21899
3875
35128
21579
7718
8815
19242
9348
2755
36253
8828
42648
28350
32809
10441
4940
33272
15303
16198
11926
11478
21433
3959
1868
2559
3736
3674
12645
5169
2246
988002
4611
7947
4751
4970
13951
12810
3958
7346
10997
19613
60131
7368
39807
7166
2096
8531
32815
16526
3664
7125
26416
14776
13360
4952
11930
5908
7364
9062
12539
79280
35346
9787
208
899
3046
3677
10292
5514
11231
30719
28824
4719
12736
13343
27802
15334
7217
12767
17872
3069
9597
14500
6930
7357
36525
2206
19194
3346
9293
165912
10407
7004
10658
4181
73000
27627
14677
10958
5003
7564
34692
9095
26937
11514
1641
13611
1507
11450
3539
10070
3092
6304
5952
21077
3888
17784
25880
87114
5580
10242
10717
1905934
20298
4594
68621
10608
8272
8676
24602
14860
18290
4045
5824
10181
23648
34293
3782
19314
11025
140205
74057
5129
2652
3174
15459
4915
20941
23705
3260
14731
13200
15187
10628
15502
8925
24204
10276
5738
14673
12705
5924
5671
26432
14953
9017
4234
143899
18823
15947
10947
15487
4077
13534
3776
16985
3514
11437
60990
9966
28390
5635
22064
3264
16101
26747
20190
21542
5425
50141
59540
18065
3117
4366
15864
5063
16006
1855
3849
7281
211
12643
6252
25261
10118
10965
8395
12079
16725
7930
10474
27912
31353
10538
4955
4328
10122
10081
2045
6687
3946
626184
9286
7148
35994
33990
6830
4681
38116
10951
13170
2642
7469
23004
2950
15353
5217
2800
42439
2484
5097
3324
6519
17392
8511
133940
4782
6104
14717
8901
9152
10550
8462
8657
17162
13379
9046
10032
101822
6729
4011
3108
9433
15367
8429
98084
15286
16423
65590
2351
474404
6227
10266
5178
2723
7689
6495
6105
135624
22302
5666
10818
3568
8045
5582
1284567
16191
7290
7246
3130
6363
2371
22311
3981
11842
9594
35549
24732
6384
3838
4999
68935
3372
4726
10682
17425
20624
1756
4468
23
10502
16038
10105
20060
10223
12725
8721
1285078
7707
3447
6783
31623
122323
6631
4312
10486
6724
6748
26546
40076
23863
27222
1465775
7351
25090
8981
12105
15949
4735
18802
3421
14131
29709
22048
43803
10251
5155468
7389
13918
2513
2478
11264
3347
8808
16042
8957
5206
21479
4809
11745
7226
17640
4402
3388
50840
7218
4728
44823
3241
17066
14513
9215
17090
13888
12648
4564
1950
14972
5993
3686
9335
2458
7028652
17752
8411
251536
3790
4211
9800
6547
5620
3788
13371
17574
19205
964
320362
7063
35661
17786
7278
144329
24461
3309
5266
4922
26845
17537
12933
8183
2998
9627
19564
26658
6268
7524
2953
6141
18079
18444
4376
4744
9237
25445
6577
2072416
20499
38117
13293
89060
12911
12002
2468
5881
15318
5125
5622
28772
6445
22273
10108
15065
18362
26392
16249
13648
11438
19699
385102
4541
30217
14064
7039
4746
26985
2580
53508
13869
4227
7938
7145
10765
5551
3304
14637
11880
31864
4566
9967
9234
32879
16471
34870
4118
7160
10263
26946
6952
3771
10910
4171
21113
41006
29137
8303
16835
8588
18361
14466
18597
11204
90976
10932
6514
6537
8212
9445
17143
6382
2009
17644
9864
23187
5534
74509
10405
12975
50944
4985
13410
15934
13532
4672
5153460
4354
8321
19509
12779
128974
9088
11919
209
434353
5638
23354
6338
3224
5517
2623
7978
7922
13852
7621
8264
27677
25397
34021
195153
7591
21537
11452
4316
10898
23267
10493
13634
27520
3422
9972
5002
121612
6346
5806
5108
9298
12240
3523
31296
11079
86981
32660
16041
25256
16912
27856
9154
20531
354790
6090
46584
20805
4702
25028
7812
9393
9839
15384
15071
20664
12126
26285
7081
6145
8837
5362
6790
11342
8478
6955
24684
3948
7593
14576
18849
9582
7547
7419
4268
7533
6715
3580
2990
3015
6152
7616
4339
96752
18265
45123
11882
7232
7755
5247
5681
4087
11358
8096
20834
11484
4003
21222
27988
14237
3331
4680
12587
8736
3345
6081
4290
13261
4885
4750
28312
6893
11097
22941
8182
15850
24755
5833
5267
6745
4099
14017
6968
5892
3214
10875
9879
5948
3967
3352
19776
6403
16976
5270
19688
30634
7402
60516
9296
32229
13622
12397
3646
122055
11824
24342
8001
5737
27390
15203
8542
9411
517948
2850
5049
7040
12029
11001
5665
14198
5786
24017
8324
41497
7653
6959
13567
14289
18000
14528
6062
11189
8692
2927
32676
5295
10339
3600
17874
4392
2726
14896
7815
6592
6481
4492
5346
11554
2718
8383
8498
12152
14
10982
5772
17950
10981
26316
10183
1238
13412
70529
6387
9131
21355
4527
5978
48341
7602
31603
37082
44329
26039
6774
100118
6550
3328
22657
2915
7331
49165
9934
7173
10589
22773
8388
5672
17578
6788
15351
25113
8671
19280
94761
11795
13647
8102
22144
9343
9170
51791
5152
24868
4249
7399
25814
6638
9912
36920
7535
3099
25257
22675
27859
15583
11850
3746371
3455
16307
16418
3268
13045
7441
4651
14118
34378
9106
44731
181228
27999
4931
11625
19154
335851
8728
650800
6873
3281
18765
21281
16414
13750
4338
10142
12629
4850
10556
5662
3334
6037
32133
25386
16748
55150
6408
21385
27017
18728
31360
5946
9129
40552
10594
15251
4524
18676
4692
10265
13793
15605
25039
9581
6644
11233
7723
3220
4980
2046
12548
111026
9416
6785
13718
6793
3474
8007
11176
155266
30907
80800
5224
5150823
4825
2490
11010
24436
9356
14443
14354
22860
6128
5473
3525
10619
33979
17282
212
5703
24854
30886
3618
24420
6903
8268
17313
32851
15684
9147
12072
4004
3631
13462
7440
159648
7094
5195
1670
5796
15706
5330
13154
5248
45756
6458
54623
22351
6172
12876
3696
16393
28405
22509
13337
19033
33616
7360
22808
5842
3412
12236
9883
14262
398456
18003
9241
103904
5331
6001
20180
2261
3760
12284
34975
23226
5382
5424
17655
52866
2425
6256
7919
10661
152292
104
9336
25991
1731
36458
58
4725
223095
160726
2437
9417
17984
343195
15326
537280
35576
4678
53476
38521
207796
7
61033
1829
47614
18263
16373
8371
17216
8035
124974
32572
36604
60530
63
1288652
19706
36386
24172
90476
7403
11521
54942
182830
283618
288052
16507
22388
533
4478
383476
27200
3167
37496
19512
125747
2615
39018
21257
11936
5433
25484
15242
3196
13698
15820
5661
32209
1876
11240
1561
29112
511712
5769
4647
214
6400
3349
25423
18570
10972
27162
41955
29364
10312
27510
23015
10028
5058
1171108
364200
46626
17588
15201
6305
834163

6442
19794
4968
2715
8712
10503
4532
14086
8558
26746
11522
3942
3160
55311
4461
12823
3528
2404
22095
12206
2984
8620
15155
5934
60632
4443
8619
5354
55417
2049
32017
11422
11915
4048
15399
12932
4577
7242
31903
73588
14988
21595
5207
29679
47582
3702
47824
4120
12978
9151
12588
10508
4494
134000
5832
4625
11718
7417
2461
963
27942
6854
5008
42663
17892
23999
12247
10361
5409
16530
12509
6561
15728
8666
3000
29369
66165
33600
9235
22501
1945
8505
17168
8024
22669
12507
6898
12825
4732
9902
9752
5871
15747
7994
6699
12281
8684
7663
19208
13619
8560
17606
7002
4224
8013
4052
6621
2765
27246
13239
4263
4623
20934
13991
11656
19064
7257
8129
68687
10332
6642
16255
7603
10082
17437
7586
11955
5720
30887
4301
4081
3680
5201
4071
40714
26802
6589
14335
4153
5059
8735
6170
8532
17743
5237
10771
8586
3188
17233
30572
23349
12266
12114
198345
13956
24815
10172
6248
4984
7132
15598
37413
17167
5951
7435
3481
3134
49174
17558
7754
5588
4138
14538
3341
12373
1599
34693
26063
10283
6497
9365
17382
18630
8145
9202
14325
8577
10469
57895
14268
9071
14497
6319
2177
12279
7133
3043
7186
4592
12094
34524
2349
4679
16283
6808
10683
29126
15048
7324
12051
14728
6569
4193
15970
35012
10343
3179
1827
2933
3822
9925
24199
3384
64498
45699
3363
3096
33650
26153
9708
15755
4924
32073
3717
3641
6156
2163
36065
30154
22623
4247
8097
43529
3695
17289
29366
4377
8553
23265
34088
39699
8350
4485
9412
9392
8905
22208
9004
18287
33022
18386
8761
24159
3777
16956
10464
7463
14992
15672
7686
19826
14008
10258
21377
8326
4260
4424
98836
6875
10648
10038
5822
1455
17926
23297
10314
15924
27438
15826
29498
56021
6220
10872
9561
9148
12502
2763
11881
11444
34228
12330
27202
9645
4643
2976
1914
3405
9876
4589
13480
3956
2671
53008
27459
49759
5893
25101
15137
14967
3826
10019
7291
3951
2821
7693
8475
22
4507
10645
12062
13889
2691
9101
6048
8918
27754
2929
3806
9688
25732
5225
15584
17901
59205
9378
11038
106191
13394
3449
29412
4420
15897
33950
13390
3204
11398
12707
9125
11015
7910
4053
32259
16687
14006
12664
6543
7480
12137
31183
1036
32763
6100
5092
7142
6856
24364
11376
2845
2409
10368
3585
19728
34256
11377
7813
3414
7964
11998
16081
18650
26106
35014
16877
11224
4446
2813
7811
11145
7531
3391
7885
4602
5625
15300
15358
9716
2161
16937
21415
6869
27744
5743
23777
13682
10025
40370
24844
6962
15426
24500
8824
7517
21732
10088
12380
5181
6470
12494
4963
27423
8572
4986
38131
5040
4206
19819
2811
18409
8232
10086
23411
5028
2357
12300
9700
3821
9590
5355
4484
43133
7105
2930
15311
6375
8432
14386
5746
6969
3365
50431
8414
23353
13339
25876
4614
16131
8664
4008
6075
19075
5812
23736
28143
2644
5660
9013
4543
64100
11107
8049
28842
5482
16318
58844
7626
54563
6174
30900
9351
6805
14986
15264
58294
13823
4745
4108
6391
7101
13425
3271
23273
14518
36442
9859
4322
33179
33229
27703
3961
31171
4292
2604
16465
12912
12888
27312
6308
4409
12403
36005
37029
17518
16063
14041
12358
21955
8086
11571
29073
4481
17826
14139
10013
10963
14738
23822
11029
15135
4890
19104
31692
13613
4736
4897
3698
7372
4501
13842
4473
2988
3995
7109
4100
8898
23564
5451
7860
11292
3564
9181
11658
6778
1500
22603
14047
3151
4878
6828
12746
5441
6777
22317
5155
29484
34587
18217
27681
19972
2399
21408
12743
8810
5306
7862
15482
38519
11302
12210
9777
4925
11159
10534
11237
5718
4259
10315
5328
6039
21513
17454
12923
2549
24055
20632
6324
16176
12898
5959
27178
25783
5697
16446
27533
2864
12783
3976
22145
5257
5579
4913
6837
6028
4331
21584
5146
6607
6820
8706
36448
10587
16468
34311
13249
9837
10806
9526
21455
5656
14691
3340
11286
13537
17126
31361
19492
21124
22587
2863
4775
10114
9200
9260
9506
2796
10335
10206
29571
14356
48931
3483
17273
15256
4853
55718
25578
8716
4615
35525
6328
26254
12292
4908
11229
4237
11253
33014
5708
216045
17922
14774
7724
5958
10076
9940
37957
52020
19957
13406
13363
45743
5961
14780
9485
25944
16487
8988
11249
3407
1979
13584
8469
27295
20462
5911
10980
9302
2900
31461
32236
19951
17128
26942
2060
14917
5416
9632
13226
1132
23308
4182
4842
3463
13330
8694
8376
1345927
3398
8495
3655
11937
2479
8273
26794
8221
54922
5410
30292
26227
8638
10294
3824
14796
9413
1034
4144
3020
4068
30053
14813
8894
3949
5393
6744
6965
8645
6579
9273
6176
15907
7037
12755
4079
44277
8885
2389
11707
75380
4927
11832
2508
6130
12345
18943
93266
12341
53920
6184
9881
7017
56552
3044
5022
15916
4548
11118
925244
10167
7926
9364
8899
4327
12585
18979
11051
16127
8733
7988
18966
11129
7545
11383
7949
12170
21297
5252
5554
15114
13533
8991
7767
1655
18309
26233
4887
73325
14732
4422
12856
7154
19639
3945
45428
5027
16567
6103
36527
8117
13254
15007
5333
2831
9300
4619
47171
2185
5768
19321
3496
3013
27876
6859
21328
54989
2556
6870
5724
7011
3894
61575
351098
23757
2392
20113
10758
4191
4587
3570
6222
24222
9482
24911
12028
14744
41575
8477
8526
27119
17015
31760
11135
9297
10772
6740
610
4683
7083
2326
6057
14976
3037
18921
15117
6954
5453
2908
3022
3611
17049
4209
10490
18259
10743
20233
18280
5792
7157
7574
17151
29127
6864
4653
12655
8805
12716
8114
46438
15727
30716
18098
15204
5591
4207
13629
28334
20554
22929
22811
18718
7220
19457
7700
23152
2262
13105
6450
16914
15222
41430
11252
6203
32398
7986
39063
33309
4450
12784
17792
17691
12335
7414
15072
22128
18353
14388
12162
7212
9120
3059
40925
6288
6578
4684
5474
9553
10599
26622
4576
9556
10659
29445
3464
15386
4696
30915
5879
17082
4001
61911
9702
42443
6950
16244
8215
9522
14839