0
5607
507
1
2
9052
315
1082
25950
240
26
9015
7
15159
4
20
18
9235
409
36613
5043
31401
7805
10
5784
542
30
10455
10326
28
202
41285
13488
25
3047
1327
860
475
8
27
5065
1985
5
5753
17399
31
21263
3
4931
9908
357
1051
799
35682
15435
2414
6
8486
37815
9114
59
41802
4468
40703
29
8625
8556
37874
5410
252
1096
41111
2969
687
36
24
22
5080
9431
37749
1714
39667
19
25641
171
38776
2035
37688
318
32
915
6214
8257
2670
3660
407
730
7701
9
22861
27018
12278
31461
2910
10656
17
21123
11
2511
42
945
2532
23
7631
718
610
35
29053
6707
804
98
12705
3995
37912
2629
13678
1530
1125
11481
6163
15
18438
9375
13816
36131
639
9219
21927
5290
5036
11371
12774
13663
14380
7580
255
2115
263
8649
4629
2099
16
13564
2448
887
1130
1200
265
778
40053
479
10264
1185
136
12
2029
2355
5698
583
20252
11457
14
41
36280
3447
12096
43
37
12039
3030
871
41254
10629
1313
272
8952
13428
589
30438
274
461
905
2736
2775
14608
58
21701
2980
1049
13501
5954
7034
5066
12124
36151
7070
33
1334
1079
2005
9033
5831
46
4474
37072
244
10332
2650
39627
6515
39602
12123
16800
2603
39399
7232
40
89
7755
16885
4229
12753
37370
38977
16513
10946
2349
2586
13
11338
4852
21846
571
4280
5044
37728
17964
2217
70
3779
590
12571
3980
36700
8397
6192
13958
17903
4794
39438
6285
21
6565
9505
2207
4080
1574
5041
190
4550
1540
815
387
140
13368
854
1213
81
18888
151
7787
3690
4535
12833
40171
4382
17025
12892
584
10774
3735
9305
4021
3026
4309
3409
4641
25990
1839
2046
179
2584
8437
8217
50
4701
6071
575
6552
667
21243
1235
2165
39804
2401
6349
2620
8220
17944
21747
12666
831
13918
2713
8122
26070
21967
129
16533
2638
421
4329
116
450
13339
5062
13904
16941
35240
8655
398
550
2835
3209
14101
4380
1228
7130
1031
22741
142
9592
32284
682
119
2589
10009
423
8048
5057
9195
2130
9002
938
756
1045
13141
13430
432
4400
36653
4816
38657
297
2475
2333
42260
638
16744
1864
39313
2708
37668
2059
7412
284
276
18521
708
2585
45
454
8675
914
310
378
12773
6917
23120
161
10706
22556
15244
6372
38818
9093
36741
25910
4961
6531
5055
4721
2845
2580
727
9801
55
6284
931
14360
40295
2530
27421
38384
38
8359
41307
2420
2289
7850
41218
1900
31581
1525
5061
10835
38404
12044
560
8835
2540
36918
156
3106
31829
4965
17784
1198
771
842
57
13308
666
37498
2230
36429
9535
1278
10103
56
16965
30217
9725
1195
7999
5300
159
63
3924
21767
4420
10340
27241
3049
1133
9455
12160
15168
6064
618
7247
25420
7976
66
918
78
1609
12417
9838
42658
192
3143
149
5658
113
31729
642
362
4263
4345
40423
8795
26525
3983
4834
26090
88
42021
39507
169
4610
40806
131
232
31905
5046
3487
282
264
38314
465
39103
9899
11460
853
41541
6143
5063
235
26983
13998
13805
826
53
37847
31421
4298
10395
25701
8017
2712
10059
500
16553
5385
9741
30337
39
3296
4224
694
31118
40025
13535
2705
22336
1700
7790
9094
6892
21223
21023
3949
294
2630
4115
5042
4129
12041
829
11854
8695
12202
3355
524
41561
16754
5925
6719
12085
207
17233
11565
38192
3083
42636
3301
2550
2671
9645
4545
101
11431
1979
2976
42470
41476
2178
3764
17038
2467
26848
92
710
31809
5632
13500
19759
4764
19025
323
6616
1100
3405
2639
6381
17419
17365
3916
4675
4219
2052
2009
2814
2450
2015
7009
26588
397
17297
525
38426
13335
13417
8610
22841
17904
1208
121
9658
39910
3584
13288
5048
27481
1464
40403
5775
210
14517
2269
3795
6070
8621
9515
770
168
4134
37007
251
40142
30418
1990
191
620
299
5682
7158
16872
4685
26768
14462
275
9841
12683
8477
279
2140
9115
430
3977
103
31849
17833
69
8035
60
6522
15624
18418
891
14680
222
22821
36965
4189
132
10249
15122
10349
2641
1730
4814
2601
5051
17105
21866
32244
27401
18338
1721
31601
17998
12013
5749
107
13113
96
8417
10120
27720
5849
7025
9257
2474
8197
1896
8337
26628
5470
13967
32038
8895
30679
347
786
4661
1398
31301
4374
30057
1774
4576
12993
3469
22536
11014
5915
9100
4530
38214
198
42862
261
12743
6141
102
322
1835
899
27281
7837
2440
25801
8377
923
26291
83
619
12720
37183
31361
3392
15127
555
5370
49
31621
10163
2334
3890
11961
556
41516
930
10720
30458
949
2470
2159
4410
911
26868
42492
2597
1605
2237
12147
6055
256
26347
7849
11754
9190
25501
31098
5800
6457
1789
10028
4555
51
42406
22067
12913
3175
8118
8177
17661
11739
12853
9215
3530
8784
5150
30478
688
12169
13221
12674
74
356
22616
11466
4955
14383
11250
5039
8681
41721
37532
8837
4444
5600
22396
4200
7943
3557
15628
15161
47
12828
22216
741
5230
10338
655
14479
449
519
26728
565
2570
3386
553
820
10339
22274
980
1120
13836
13812
65
609
40121
7379
3918
1992
26030
176
6647
9315
1333
7777
1380
5032
2080
308
2416
2545
42679
7415
3484
14943
34
616
41390
219
334
36783
5010
30377
10558
17339
17439
9865
26883
4270
5111
6915
411
39730
22516
3661
585
39353
4561
1244
36721
354
11781
111
13498
2640
540
18632
12653
5605
36204
4848
4106
7765
4005
13558
5330
14502
3302
31561
5618
17044
26808
15908
30699
715
1310
7482
38024
1016
658
2399
6498
22316
7410
15400
4447
349
1825
25541
1092
592
2238
40339
42699
18848
8715
41354
38621
5083
16925
9650
13578
12792
18175
1067
114
9095
521
300
9615
41023
1457
5623
10914
4780
30598
8555
2364
36940
10626
22761
123
15182
257
2898
5053
2260
32058
2989
8624
26488
39572
27341
3784
3911
236
16170
13164
7348
16655
8615
2210
17594
17864
2625
13208
733
1293
27161
4050
12471
5350
86
40929
991
17764
4112
39236
3774
11905
16549
249
420
11385
22256
7360
31481
1440
30277
6860
5213
40315
26508
1800
547
40005
5060
150
8800
76
12546
1105
42129
99
1460
91
206
720
2729
22156
27527
61
22196
4061
764
18358
31158
17125
9162
21887
228
110
126
3075
4710
14085
38172
7624
650
2036
2465
18298
21390
10745
8317
8457
40100
3819
31255
14136
22176
835
5376
38998
11271
1055
7591
3790
1420
2711
10027
14182
30357
17359
22466
26251
8769
10409
3358
2544
293
267
2431
805
26548
41065
38088
1665
199
20939
38798
444
4096
12973
2311
5647
5253
5840
25661
11634
72
626
13348
9251
12812
25970
7713
3750
14642
5037
1500
14098
1527
9473
18711
4541
4946
5284
20771
3294
14238
17045
6460
31648
5390
7545
391
1688
217
2350
5791
389
16125
3425
41133
2840
39216
44
139
2627
3109
8654
5049
471
18038
12995
466
11256
4601
338
4443
4299
13898
510
36172
38890
1473
321
2131
38003
3159
17824
9404
5865
4781
1407
2229
4746
14018
12725
281
4741
408
1083
67
13758
4190
4203
5821
6368
464
697
17479
31749
9275
2354
2931
143
2469
4564
38259
4363
499
25781
8875
751
22881
9155
2192
39527
5186
15004
6715
37770
2923
12132
39287
1506
39039
29808
5932
34578
346
606
944
1390
690
27441
8781
3919
13598
9756
13241
4269
803
1743
9635
21807
1258
732
2684
1342
762
578
1929
4501
26231
7992
2697
6165
6318
1254
4795
9411
9597
84
3034
39176
3915
184
1361
14033
11155
2126
3100
1480
1619
2676
37963
11610
314
4772
10143
16574
9971
5210
2743
8051
6484
8935
1643
26211
482
15160
1723
41581
11447
21354
13093
8279
254
6181
31971
30097
18218
4169
11559
1011
30935
36323
172
11711
6191
10871
711
459
23112
40849
5893
1720
364
5149
38612
2635
302
41334
10331
1788
37343
388
645
8635
2118
25890
4048
12789
79
5403
11773
456
2574
5310
825
25841
5100
26888
427
13033
4771
4354
35220
4290
3981
12933
40504
12381
872
32527
289
16820
6075
38679
11544
12793
11641
27261
11226
8915
5656
5450
37120
12026
7534
8179
177
7901
4828
30197
14442
4201
141
3966
37436
10125
3144
14807
11667
8310
4124
6449
20983
894
343
29505
8595
1298
897
17499
13073
22105
39458
17005
1394
6414
42068
7154
73
4723
2730
12990
5047
31925
1842
2085
971
39750
6419
11602
424
7405
21721
277
33111
19750
3354
5085
37627
9415
1773
14583
5619
31381
6195
4800
8825
2129
429
16845
21183
702
9555
12275
3625
36898
26908
7407
9940
410
2725
21410
30619
3811
9590
27381
30855
41979
41451
4055
493
3623
42088
4078
8499
305
678
38911
41431
8032
605
2144
42428
38481
11068
11981
1429
5079
750
5919
12733
3948
9883
37791
27141
14138
485
5924
3880
38870
1036
1871
12801
9543
54
25521
22416
19752
1597
1261
1253
633
36831
22596
2108
188
15157
201
42596
208
1193
1981
2945
379
469
239
629
17319
6029
2579
7781
17539
6247
2548
48
258
266
30578
3550
757
37935
10784
4801
10121
5406
5628
3785
4339
5638
2595
39707
7783
4304
100
10428
9192
14204
7160
2594
153
795
912
23172
15509
13919
5245
42908
3138
4344
1661
4023
755
9655
9963
181
4178
39196
1365
280
18198
31280
27221
36986
26271
2593
13978
40212
18398
19108
7149
13193
40491
5328
2995
6359
30237
9595
355
516
587
38509
2010
5090
5056
8535
15342
22476
36344
7782
2049
3320
1040
563
14362
40191
2717
6869
37648
41866
112
27740
2599
3769
11926
8128
544
26050
18058
36633
1943
27058
3090
14299
3364
27181
14498
9295
576
3851
9570
3871
2567
31789
85
8277
7493
10485
10999
160
4175
22047
25681
367
10217
38294
4109
4759
18028
35196
5207
14301
22007
3968
6560
5084
1539
855
2468
31501
13201
17065
285
9821
15183
2938
4249
5474
1766
41659
27700
29219
11233
337
7930
5510
27507
385
14158
37458
7990
22961
6297
7418
39964
9414
296
7210
4001
8775
13013
2377
8380
1218
21334
1091
7770
439
16923
180
13003
36530
19981
7367
4921
38531
8815
77
14697
368
14857
133
7159
9038
651
9594
22661
2055
3928
9495
40252
4073
28055
42000
27201
17890
3240
4445
7605
93
36467
22219
1667
10397
14662
4805
1930
3190
5570
42837
3394
6001
62
6541
2472
893
41846
1854
3519
9053
6455
10329
209
2300
38756
157
729
2583
31321
223
2145
155
6764
4810
567
10851
11278
15248
8578
3033
2577
25602
2410
3751
30981
10809
7430
16190
2771
1870
990
851
3579
2426
40829
4761
1933
13096
40903
10970
8954
352
15370
21947
16713
1203
26110
238
4981
8706
2646
22701
3204
278
12431
5942
35171
21987
4100
40638
2637
189
1433
14198
10995
4934
1344
846
10100
7274
373
5170
16673
325
350
26421
1545
14058
40593
630
2587
30835
5054
6350
1255
1112
1017
5568
12430
18018
11049
13970
36853
14218
2382
913
2476
1940
5519
18396
8855
12317
42318
26688
39930
3145
41606
38736
4028
5070
2596
5678
162
22436
307
16693
4581
8920
36592
30037
8534
42448
18158
581
14118
419
2345
6305
3025
4025
39984
17379
1754
39870
2825
3260
64
3771
40571
10123
11654
3864
11268
4534
9695
9859
25761
5930
2674
36488
36550
42616
6636
372
5442
1569
31341
27119
1275
94
37097
4645
3279
1450
9379
7969
2395
17718
11879
12689
4209
9319
2232
31001
30795
2295
22027
37233
21601
40983
21621
14743
117
13468
37983
36438
832
3324
5669
6619
5180
22897
3171
671
5068
600
3720
31709
3285
1689
31521
18258
7761
1729
5196
966
13448
12880
21681
3577
5190
4625
2560
8213
5937
1824
719
5394
37161
8735
2219
4686
611
18641
2700
40682
4196
22981
31998
10131
843
2234
5249
10797
5342
509
11310
7864
4748
39062
4366
37253
5490
2436
928
3599
12001
2703
18174
137
4332
2164
144
344
4620
26130
1998
22641
3214
4954
11401
52
6011
3295
3551
3465
14829
5629
186
19270
38274
491
71
16653
292
21787
1111
9055
15412
13261
17369
21907
7234
1482
1451
4099
42384
3016
951
2363
32264
15883
21314
2245
1524
10799
25969
17237
11045
2628
11550
31541
2657
2942
3731
26442
11861
1836
1544
1190
632
5990
2225
10910
10104
7335
6938
12539
3440
30538
23816
811
7780
11042
10985
483
12672
5841
41411
18098
10763
5729
6795
22236
3374
37520
10551
41782
11206
30895
4940
870
20963
11204
10438
6298
2726
1072
2365
440
41701
3920
13841
36570
30518
26568
7456
204
8515
12715
2429
26010
7888
7250
4013
4041
42569
5313
8564
41680
1135
1918
539
3891
15163
17459
26708
3590
37416
5353
37274
42338
16650
2913
22356
17145
2944
7650
470
31669
14702
31951
4335
30659
6000
7502
580
3969
21203
4826
2193
25481
9435
4729
749
706
13718
7885
447
36375
21641
9903
3170
16045
7385
12023
5076
10128
6680
359
13620
4864
17257
42723
41043
6068
2400
4440
8037
166
3620
16905
8315
38849
4168
12965
31194
12454
6852
7340
14494
1297
18138
8284
14173
10110
17639
22456
3129
1326
8780
1988
1216
2514
5058
26943
3015
14265
5634
13698
18318
4621
41909
13393
11569
311
7225
7055
5270
442
20226
691
5561
38592
5050
1186
377
23241
6956
40080
11365
3316
5072
5560
12597
9923
95
3574
128
9255
7516
12359
404
17240
4481
7995
320
1771
68
2565
2710
39848
7763
30317
9395
22801
17742
16187
3582
1760
4708
10354
40543
5422
9355
38635
3234
477
14038
6813
2281
14078
40469
13328
383
9135
1425
39256
3832
40660
35301
1610
11720
523
12054
910
18118
1295
38234
9248
40613
120
41761
5506
16865
30735
1815
3211
1264
21561
7767
4605
36762
1355
1122
1890
5110
15188
13271
6326
2464
38714
4785
38108
42041
13161
38044
3728
11594
13015
319
1012
8987
109
2022
41496
259
41741
3705
164
14918
6111
3800
570
17616
13124
5064
12375
3791
8985
9179
30498
9004
30875
38362
12134
17844
10469
1853
37141
7779
14178
25253
18661
484
5469
1070
25861
224
4064
124
39869
14340
3629
14219
26462
154
1995
18378
12813
138
1014
968
1686
6574
6777
5030
2928
12980
7738
8642
5910
11921
21003
7191
597
2774
5878
11343
36674
21283
9089
14400
2718
3460
21430
42171
4689
4888
10355
9875
41193
1057
12622
5040
2975
3961
17519
26191
13638
27680
4060
6996
38933
10865
8077
12074
4349
40448
3689
3181
2556
10178
10098
42529
26963
122
17182
4941
38065
4296
226
10134
3494
26367
39154
5322
41931
158
31061
25930
41153
41822
31234
884
1838
806
26668
12836
3029
2093
15149
41888
5126
17573
5517
21541
1531
42746
6150
11963
38955
3305
13639
26748
9761
2588
134
4823
9285
5052
12713
1779
3343
13388
2309
39487
1174
26327
6309
37205
11398
12873
5081
2696
31214
291
11010
14682
39647
10132
8755
13520
12005
9732
22721
14420
1973
26608
16765
13738
10365
25721
4415
7655
22921
10489
40511
5193
13659
3999
1114
17924
18704
2715
13878
438
664
26151
13408
5219
36244
38460
27098
10127
4725
16945
15377
14319
40743
422
32442
2592
437
2613
11251
8955
30815
24120
12940
30639
1955
3570
5739
9163
37551
11461
9390
13949
15629
21163
40383
13087
17633
30955
14840
9866
8742
21521
2482
3122
7774
42888
13858
2552
30397
375
36510
23152
1141
6649
3173
5141
39133
16985
3711
6217
13618
1061
6760
27361
1861
30755
3813
17804
885
17277
39551
2064
3379
27461
30297
8575
2996
1318
9781
8435
9863
7510
27301
14538
1465
1214
22781
1289
6644
27850
9475
487
7979
7030
7264
15452
6496
38136
12271
5759
8483
42549
11941
26171
13938
38551
10007
13014
9887
37592
5208
23132
9405
75
9721
1470
4070
791
22901
18053
6984
25821
13796
5547
20221
8975
42296
4254
11138
6523
1761
3038
40883
4521
31441
18278
2483
18677
745
1832
5158
9675
233
12268
3990
3370
5250
40785
2655
623
1575
8989
7800
39082
15211
15844
900
39333
12693
3504
309
12954
27321
42221
766
659
2634
8237
5582
339
27790
12583
11584
11142
32078
17085
3935
674
1419
9769
11540
4011
1923
18178
18501
11180
2030
6401
22296
12953
9943
22681
4549
4460
5879
1547
8297
2669
13039
37478
16805
17124
31689
1795
2714
458
8362
17202
1073
27038
1350
21455
1328
2089
41173
10859
26387
834
21479
3613
31769
988
127
548
6215
399
8995
31138
4681
18458
8445
759
10333
1121
529
36300
13120
1925
14482
2720
5082
39783
6909
32018
7778
12114
9254
40963
12100
12353
1948
42778
3945
4250
38342
9955
1360
8461
12284
9175
23080
2053
3846
7993
16534
37572
37313
18478
10256
1315
22376
472
8573
37052
6015
22941
245
4624
958
15496
22136
2304
21143
21661
18683
1219
2831
2275
39890
6096
6375
5260
3941
40763
9075
42363
42149
205
6650
3483
6323
36224
10844
5712
2455
4289
6561
9078
2054
13181
36407
8376
395
1211
26528
3404
8025
218
3375
11293
593
5419
8495
12985
32637
39687
890
1974
30558
400
39018
9035
290
577
41954
13189
781
12673
5130
4910
1944
167
12988
2284
17689
2139
412
656
13658
30257
2310
1910
13383
22270
8633
3907
15152
6209
30077
42198
40360
3831
5565
15263
2194
39373
26788
30775
11441
5033
9575
4353
5863
2777
1184
10501
802
4831
3680
7576
3466
31885
13053
25445
13525
6404
8886
8057
187
220
9080
1071
16493
39828
21500
306
847
2288
135
5059
5595
1179
40232
808
7685
505
4065
14089
8205
26648
4868
699
9992
11103
30915
5590
4149
16825
9065
12893
104
5512
37390
8357
231
38572
40272
26828
41629
37028
32304
18078
36873
42804
9048
37708
17884
760
36811
22276
18022
9335
703
11750
6139
31041
731
10129
18238
4739
36071
2752
42108
2644
4081
5430
11680
679
7570
7951
7518
283
909
7691
2069
7414
2068
7228
2065
2077
8196
2072
7266
7277
8060
8156
902
182
7682
2060
7867
7432
924
8233
7314
7350
7498
7290
7554
7354
937
2070
7646
8168
2073
907
7538
7549
7606
7238
898
7505
809
8185
426
2057
8184
801
2076
8216
7541
7404
7398
7478
4560
2075
904
12931
8176
7630
7362
2071
7490
7597
796
7278
7216
2066
53771
7529
788
8116
7579
8064
7593
8152
903
7406
7526
7265
8224
7474
814
7342
807
901
7578
7356
2067
7695
7582
7863
2079
8101
936
774
1019
7689
8153
7613
8172
789
433
7220
8076
7477
8157
792
7462
8201
7775
7289
906
8108
8169
7438
798
896
8129
7533
2074
7610
288
7245
7530
8181
1021
7458
2058
7434
7514
4497
7666
7382
7955
7262
7222
7334
20741
933
7256
8011
3054
8192
7416
8212
7254
8232
7506
7557
1194
7599
8193
7622
886
7402
4928
287
2359
8112
2078
7569
7454
7292
8072
2362
8003
2062
916
7282
7963
8052
7284
817
90
7428
857
7302
7384
8023
7587
7346
7308
7460
8015
7378
7464
8148
7328
8040
7272
8084
8132
3616
317
7550
8031
8209
813
8105
7662
895
908
7686
8039
7485
7392
42689
812
1776
2061
16500
8113
7959
7288
8028
1009
7513
8117
6103
7318
929
7260
8100
7270
7261
7589
7326
7494
818
7368
8093
7276
7422
242
7546
926
7583
2873
8088
2224
54451
7522
7269
10499
7598
8068
7634
816
7971
7338
8019
7258
7607
8104
7470
2044
8579
8140
7442
47114
7249
7638
7446
7294
7230
8097
707
7497
7565
1578
7633
7577
7481
939
8890
7358
7306
7252
7642
8044
7645
7473
2088
7558
8036
7370
7525
7566
8136
748
7330
7322
7424
12112
657
8121
7436
8007
7614
7553
7310
848
7244
7625
7281
7376
253
2100
992
8092
7224
7601
7452
7390
948
7987
8144
247
8204
819
7304
7236
7542
7595
8164
7489
148
7626
7426
7771
7316
8027
7366
8149
7573
7444
4906
8096
8161
7975
13067
57715
8188
7450
7654
7611
7448
214
7517
8120
7871
7658
5566
7374
7586
684
8124
7386
2092
8180
7293
7674
38701
8089
7344
7253
2091
8056
7380
8221
841
7394
7621
7332
810
1964
7408
8133
7312
7388
7486
7618
7574
11675
7298
7469
7678
8228
7609
2927
8160
7248
7466
22174
8125
940
2782
7670
8141
7336
8189
7501
8173
7991
8165
8208
7285
8080
1022
7561
7273
5431
7521
7280
794
7212
7603
7590
8109
7440
7699
7400
7420
7967
7509
7296
7242
7320
8200
7364
7372
7268
7257
942
8229
7246
3702
118
345
163