491
146
0
232
199
287
334
300
18
233
343
253
147
437
227
215
241
8
303
45
105
43
324
1591
290
28
255
302
220
44
641
310
696
221
181
42
12
210
321
329
320
225
247
353
3065
102
259
309
278
313
219
245
328
251
2089
237
1
218
325
9
46
1079
273
262
1032
261
294
284
214
748
1766
266
295
228
30
2078
19
661
1075
223
350
201
271
14416
176
855
944
954
166
306
1480
285
226
256
3740
224
832
7422
198
2310
331
65
283
355
106
286
168
238
291
749
167
337
729
222
246
279
299
281
263
161
211
567
5131424
204
10389
344
243
1080
657
317
33
332
978
296
48
78
196
327
319
1087
234
54540
200
335
36
216
347
570
276
1828
288
192
1330
520
230
179
852
314
857
305
336
339
986
183
405
785
258
318
17
29
212
240
292
172
145
1238
1551
1308
356
364
316
1458
13794
911
280
41
10
311
297
516
676
64
248
1250
209
5891
231
312
13239
205
886
1451
235
202
383
345
277
203
367
257
128
254
775
525
213
190
1067
126
333
4491
239
1258
125
13
301
82
376
1053
1539
358
282
323
788
35
59
2544
763
307
236
1221
1874
1301
330
1194
6601
1452
2194619
11436
195
722
73
197
242
308
2697
341
1483
2426
170
269
315
667
1160
1299
711
217
252
31
338
249
260
2168
373
354
887
695
495
2760
756
7196
206
2634
4539
229
1277
326
304
381709090
6
366
188
1195
992
2597
158
10044
123
2838
463
1131
1329
1492
11376
564
186
14
289
1121
664
1770
2376
1211
538
74
1243
1637
1232
244
771
322
298
1193
1016
360
704
1231
272
370
888
268
160
740
1218
149
1230
8325
275
2278
1788
1684
850
293
184
1214
842
250
2056
185
104
177
1110
3731
208
162
1013
109
796
8766
10272
91
2053
2004
14189
103
952
10073
787
1714
789
369
1153
1392
115
7
9178
88
645
264
1334
965
55
182
173
752
1256
933
9311
861
375
1463
1917
1493
847
142
1030
804
2140
58
2780
1042
1507
843
15377
1182
71
2540
151
20658
3676
1186
1723
207
1267
374
1048
274
1505
955
189
879
5558
897
1338
2600
359
174
1145
380
191
1170
7162
1205
346
1693
1132
1585
1737
1459
362
865
187
34
1561
1376
1130
512
37
342
1039
884
741
267
807
1386
2432
926
1891
38
13891
418
2370
1782
88382
1208
3248
1580
1259
381
1199
694
1527
2091
1357
2010
26
834
634
11
349
340
107
1278
351
1739
2255
904
493
801
1933
938
1009
594
8812
14052
1203
3235
81
270
853
178
180
100
1107
1179
1412
76
1062
1116
2006
1496
1216
683
363
2846
3848
1162
10554
1495
501760
976
885
833
1068
621
927
148
1556
1388
1304
3669
921
702
821
2194620
1424
1000
1710
43580
856
1109
6932
2280318
194
491004
1191
1144
1184
144
1227
2289
193
1339
862
1201
637
1362
159
1307
1643
5929
11070
20
1470
737
2292
584
1491
1129
1323
640
3270
768
3775
1436
5133876
3468
859
1006
9198
1499
127
854
1769
113
7940
2143
2771
1401
1316
876
382
2693
265
479
2348
705
87
2472
1359
3089
8173
8737
1528
165
727
745
1296
150
40
92
3145
132
16787
816
1484
54
175337
1213
12286
1276
1123
1095
554
5319
5518
16115
2546
1348
841
747
415
3001
399
810
758
2602
1447
848
1413
5281
11798
32
175
3446
110
632
1094
1020
840
99
121
1268
937
798
11200
465
2083
7321
1019
7077
85
1190
1848
1584
723
591
644
1692
588
1754
26408
1681
631
691
2225
835
1566
2541
16
654
2256
701
760
790
141
1234
1858
929
966
21240
1453
1419
4316
1922
1720
1630
348
122
1574
163
2226
4753
35195
2522
1887
851
919
1579
164
817
3909
1601
988
1281
889
112
2092
357
2706
1156
1242
3405
7012
573
157
94
2685
1126224
715
11998
13108
981
971
710
378
678
700
368
3025
766
1096
784
1599
2361
1901
866
352
57
1171
1288
204881
6062
914
12324
143
8641
153
1970
1100
40494
487
1248
4004
713
672
1445
66
1133
7248552
118
1104
647
2297
950
1261
1772
365
377
1836
670
10261
1209
204768
918
1303
10220
15876
1682
372
2526
1010
1996
1481
687
1356
2764
1518
7767
156
900
991
1146
607
84
477
1263
371
29200
12910
2162
2182
2192
2315
970
987
616
2381
1233
519
2171
92994
1676
1103
134
2615
140
11600
1012
867
1057
12165
907
874
8769
1809
1183
5830
13684
89
2483
1699
1220
1468
361
948
438
1361
1163
814
1486
63
2936
1047
2504
1504
1647
15281
3888
1690
3064
1119
1241
703
387
1266
4660
1280
8845
999
448
1613
124
1564
1883
2735
720
877
1240
2621
2157
709
813
882
1139
1879
1061
155
2766
3862
3051
1441
4892
1991
614
1689
1427
1066
864
390
1533
1224
47
20492
2805
1222
1189
898
75
1616
1400
1560
421
805
1429
24
2181
13549
774
1035
68
648
2119
1573
1762
602
1559
1093
780
1645
1342
656
2108
936
54060
858
486700
837
2154
1125
116
312876
3318
11587
1026
3843
905
922
111
1225
583
2265
2097
942
1921
1378
2180
386
1003
1352
2491
7233
409
1686
5235
1317
152
130
52
2041
2577
2063
1373
1313
442
92988
1640
11924
1001
2408
1223
3370
60584
5221
93
379
509
11433
1105
1663
171
427
1036
1680
1217
413
3034
1200
1830
714
129
665
845
2794
1512
562
1502
11624
2736
1025
12614
1639
11737
1325
1181
5135678
1293
1369
12191
725
2890
3135
33336
1785
51
2704
1197
4436
22
623
2393
1102
639
95
3389
1807
1416
1519
96
960
1161
2536
1004
906
1543
154
3242
1519900
2455
1882
114
1024
1966
1516
11422
1819
3724
44788
1750
827
1174
626
1513
1285
1863
1727
1309
492
765
2537
5
2850
1318
4998
1465
1890
719
946
1358
2132
527
767
1029
2581
608
3414
419
2201
1784
1046
826
1168
12983
49
2664
1433
1936
1363
70
139
404
1437
4657
1503
979
754
3572
2493
1049
2476
1508
811
1264
1716
977
1524
11524
1983
2926
721
1206
613
587
2353
967
29954
2200
384
934
642
1721
410
456980
869
1979
5336
488
2881
742
793
11716
2599
137
1331
1490
3007
7665876
90
1521
2972
3482
794
1113
2462
1207
800
3690
681
385
1212
2137
1375
2087
2232
1479
920
1159
1247
1898
204880
2565
553
2652
2570
2250
1765
1295
3245
638
1188
881
92884
2516
666
1688
119
5013
1322
947
2489
726
1014
3334
136
1509
2103
1562
744
1629
1871
675
751
2671
1060
17086
819
1525
1165
1346
3077
1538
2672
896
746
7045
1084
1018
1292
963
1661
994
8496
1384
1520
1855
779
598
1565
133
472
1177
1085
1404
1298
408
497
1800
1246
2273
2450
1477
72
1099
1546
1055
394
1745
204921
1407
1272
2101
10468
1173
802
3080
49640
1555
1608
1180
880
1353
925
1008
12241
389
820
2444
6237
6274
1052
39
1150
2844
11935
1435
10864
1065
6234
1517
411
998
1005
561
939
1365
1506
1456
1915
1290
894
11895
1907
2635
15722
1460
1534
1081
2077
611
2094
1370
1473
11430
2932
1821
3019
1567
1101
1254
985
2276
169
466
3745
1722
1022
1489
1687
1711
3227
1482
1192
1136
1438
1790
1228
1576
2068
517
2061
1044
1333
1796
3394
1344
792
1239
1340
2628
459
1430
1442
2335
1175
1286
45260
2571
930
797
4
770
3450
895
1111
652
680
556
761
2645
1954
1743
108
783
2290
13180
10606
1578
1354
932
836
679
910
1837
47612
1372
2326
1364
7280
447
79
1289
86
80
4209
11324
1273
3360
12418
3834
11772
482
3555
2524
2194
750
2142
618
1226
565
1403
928
9210
1930
3035
2352
138
659
2710
1157
2165
743
3946
831
2038
1757
1074
1015
572
3425
16441
2187080
1302
2308
3503
1589
11556
388
3053
3057
1713
169360
2895
803
2191
24252
3798
1383
43232
863
1343
2825
3009
1140
1919
481
1476
11396
397
12338
405412
903
953
2511
1635
3121
1422
2221
1297
2833
417
16726
12778
1038
980
3081
2405
755
2099
2067
1255
984
1284
395
574
1786
464
499
1461
1577
1169
1417
1537
2219
2052
39908
2018
973
2362
21048
403
2302
12022
4170
1985
506
1327
1138
2314
5097472
53208
45908
2612
2096
605
846
3591
1702
2039
1393
1262
1908
868
117
646
1511
4763
582
878
439
3530
204766
1611
1594
53776
1411
2620
1059
12984
1031
1236
1265
1570
458
1700
1805
1073
1408
579
1776
3484
2613
11681
3346
2940
430
1896
1054
1151
2433
1387
5167
500
9654
2261
1535
2066
2481
781
1529
951
601
11378
4018
16711
1498
15
4189
396
2146
2931
4866
1500
1478
37681
101
1143
2277
651
4071
1701
60814
1487
844
1051
1154
1515
2074
972
1553
1708
3475
1112
3873
1719
686
1287
5386
97
2873
1956
1631
393
2159
61298
402
1759
1794
1235
1041
1158
1086
2867
660
1633
9784
2095
1787
3617
11214
1981
1415
569
2117
13772
4263
423
2552
36256
1381
1077
425
1649
1187
1544
5173
1464
1249
1396
12715
1210
1804
1895
1987
935
643
2107
1137
24440
1072
12249
1865
10287
2610
203896
2901
1443
1056
24240
1007
4113
3559
724
1862
1466
2499
2896
1368
636
1349
1810
717
1648
1274
2341
1382
1196
3633
1229
615
2402
508
1870
899
446
1624
1485
4508
839
2631
1510
1612
1953
2459
414
475
1421
1305
1406
1244
776
2134
619
11396904
1596
4372
1237
738
1172
1673
753
1395
2288
957
1251
1078
1091
3184
49830
757
1122
1474
1957
484
428
6163
1467
398
1215
1252
1335
1089
2601
1283
890
1098
3190
11284
7503
1604
731
120
13513
2572
1833
4443
1771
2284
1789
406
690
1752
1092
3836
485
38874
5171
1960
692
1306
2701
1501
2722
2118
11941
2754
871
20440
1027
1371
997
2139
830
945
9161
11643
870
11546
989
912
941
1494
1803
2492
5293
2364
1488
502
18980
689
1397
324772
2696
1017
3036
2020
580
1779
467
1514
11649
1636
791
1332
1792
5279
2732
3953
2512
940
8412
1446
1975
1414
1440
1002
1602
2772
1814
1592
1662
2828
50
1621
606
11982
1141
2237
250695
1176
1410
10991
6853
1380
77
1644
3401
1894
486
2371
923
736
135
50248
708
12237
1733
3541
1355
1619
2849
1620
996
10666
1938
674
1866
250587
53452
1418
11185
1310
1808
956
11521
2578
1999
1995
795
2081
822
1867
3129
12323
12840
3716
2463
1069
1444
1931
1610
1826
1860
1312
12151
1838
2152
975
7784
2782
6004
1861
449
11925
6800
1045
5095
12045
83220
635
2183
959
3696
12500
3466
416
3231
1351
931
2044
1294
2238
2822
1628
1916
1852
11683
2996
1148
3439
1685
227532
544
673
2742
4656
3369
460
1455
3247
1439
1875
1033
4743
13140
947716
2248
2327
1541
1043
5349
23
1472
4277
1952
36530
3188
455
3940
2210
29079
2360
12252
873728
982
1083
818
40495
2944
2661
1549
1374
593
772
2741
5634
1314
10815
825
1328
590
1531
11658
2178
2239
909
990
1204
815
924
3883
1271
2639
5257
4095
478
518
12161
1656
2207
2900
7971
1742
26280
2212
1269
401
391
728
1903
510
2005
1347
3565
4662
1548
6469
2775
1260
1149
576
2609
597
1587
2649
1658
1469
4923
968
610
4115
1590
2389
609
27
131
762
902
1257
782
1127
1134
400
1282
589
2449
698
677
769
11680
14489
627
2193
688
2632
568
1583
622
838
45056
1906
12816
1023
555
633
7673
11300
778
2559
1609
9293
1324
3289
1202
1457
505
3128
1058
2715
250697
2429
2307
697
3421
5851
2271
1350
1817
2231
2115
11975
1845
1669
106574
1428
893
1337
883
2241
2982
13814
1736
1911
2807
1377
3582
11619
1974
1409
422
1475
2582
19660
1839
2023
1300
37257
901
454
730
1665
2456
60
2924
2819
50004
1893
1717
529
1834
2837
563
1321
693
11836
426
1124
2974
2875
3159
534
550
2611
1831
433
917
617
1965
949
1873
2555
1557
1021
3614
2395
2029
504
1178
531
2192552
1654
1064
1572
6071
412
514
489
1675
3588
2026
872
824
1114
1799
3115
12217
1763
759
452
450
11964
11040
10622
1462
46720
5644
892
1034
699
471
1434
2208
958
1623
2019
2319
3078
83
621568663
2588
6465
1245
1155
1926
3543
2724
2121
2017
1425
53
684
13748
1448
200068
1652
625
420
535
3060
1345
2346
2264
1655
663
3580
1167519497
1853
732
2410
739
764
1117
2105
1884
712
529596
2150
2163
1651
1198
575
1185
2400
3338
6979
12620
11842
18828976
1730
1946
2215
3983
2399
3046
552
1532
1670
1275
2740
16384
1028
547
812
1704
1657
1801
1666
2498
511
431
3131
1781
299160
1747
2987
1582
1166
2388
13155
3275
407
1924
204798
860
734
1696
2086
3746
4105
1740
612
1869
1420
20320
2126
13209
1767
1147
1705
1593
685
496
1679
24418776
2050
8155
5925
4674
22532
6526
1951
1118
3013
1291
1795
718
2605
1797
480
2670
3517
40636
11578
1571
483
3400
2342
11832
2482
2886
3319
2266
913
1405
11747
5085
2035
5092
2069
1715
3130
9086
250728
1650
3178
3133
443
655
12399
2045
4756
57763
1142
650
536
2299
1540
5133877
2073
392
1724
2155
2025
3049
733
4813
11981
1905
2274
735
3174
12456
2222
1950
1694
3947
2543
5149
358678
2209
52560
3249
19749
1668
250777
1423
11765
46152
2177
1703
7279
3277
2716
11711
2328
2320
1712
3262
3415
1734
1735
806
3253
5924
1336
11371
2904
2836
1941
523
8760
2223
470
849
2467
16369
2785
1942
11712
4057
1718
4532
1090
2416
1050
9135
2085
875
1899
1379
61
12973
1940
1219
543
473
1037
1279
809
2656
1641
600
6520
1360
2202
560
2657
6517
56
2323
2557
969
2011
38284
2359
1627
13240
1606
1998
3134
1040
1366
1071
3109
4031
12646
2893
1725
962
37960
1558
11341
54689
3495
7207
1070
10986
3288
1120
88383
829
828
1315
604
1588
1978
2908
2428
1097
1563
2913
11994
1385
4425
1982
1522
11460
2404
2744
1973
175338
2629
2673
2240
2106
786
14157
592
658
12333
1674
2246
65700
2175
1816
151264
1106
9597
3735
1449
2110
69
33996
693375640
1432
13510
1671
2679
2568
2372
2912
1885
1856
2253
581
1773
2336
1063
12645
2377
2158
1971
2918
2751
1399
5649
11322
2689
3310
2305
3337
435
444
4357454
1126
1076
2646
1972
1659
43358
2167
3842
1912
44138
5210
1615
1825
1253
2688
440
668
1634
10578
2994
1947
2235
62
462
1115
2194380
1990
2425
9423
1798
98
2245
2027
22224
1653
1526
3205
2720
873
1878
2188
2287
1840
60868
4007
3193
10883
6308
539
453
1928
11533
1697
2542
1530
1744
1824
3283
4198
2550
8952
2033
11915
11726
204879
250736
1886
1761
11961
441
2104
2765
521
7565
1877
3658
1454
2695
1822
2042
2454
2013
2488
10406
11640
476
5688
1812
1426
2500058
3492
4181
4496
2230
2060
19209
4243
1554
5214
707
1536
515
2500
12744
16438
2012
3149
11647
1746
2172
559
1691
2244
12609
12648
1698
1270
6327
2369
3168
2717
2417
250700
11693
2660
1135
2374
44912
2859
2699
2136
3441
6005
11482
3088
13578
2853
2391
11412
11090
11732
1597
1598
11470
11226
11562
6531
823
54868
2803
2420
2485
1389
1622
1672
2945
1320
599
6664
596
2745
682
11516
2598
1402
1319
7780
549
915
3002
45172
2973
1791
4358
1868
2357
3146
12719
12749
3331
908
11722
1851
474
716
51992
4239
11487
12385
964
754060
1625
1820
2093
2166
2847
2030
2368
106577
2028
1841
11438
4068
3182
38207
3600
1732
451
7329
2079
1603
3312
204819
2127
1706
908352
1843
7328
14238
2914
2968
2024
3117
2021
4016
1980
204822
2728
2804
2252
50816
2375
1949
1547
2865
629
3660
1398
620
3465
1962
891
2587
715240
2748
250691
1152
30004
2714
3308
3375
4002852
669
1872
31924
2116
5543
2131840
13743
3438
2466
2980
2228
3452
2709
4107
4197
2109
14158
29920
2653
1542
2868
1937
1595
2049
2797
61548
3480
12140
2373
13035
2975
1128
9474
624
3373
1967
653
10714
429
522
145258
12699
4143
16952
2102
2917
4075
3507
1695
12842
3201
16980502
67
1450
916
2708
250726
2941
1778
2883
2249
6198
3525
9935
2753
2111
2473
1849
2227
507
136464
1780
2784
11234
2170
571
3110
4991
1311
2593
10321
557
662
773
12289
21518
3304
5664648
67816
2680
2790
2355
14588
1545
1088
2344
2857
2553
2505
2806
2043
11033
1626
1326
14600
1497
2153
2958
2702
983
2826
11763
7766
2398
3458
2275
1523
6416
777
11848
55480
961
6519
2296
2430
4014
13372
1568
1729
2743
3962
49787
671
2533
1774
2497
3395
2774
2317
799
2206
2128
2436
1600
12812
11509
3217
8055
530
542
5118
1164
2608
3321
1832
3170
1864
808
1677
3294
3471
2937
3004
217277339
11757
2970
5248
11937
2623
2229
1961
2529
42340
12858
4012
2606
10848
3024
1923
8991
3124
1934
12295
1471
25
1082
2318
3665
468
2141
2507
17448
2339
1614
11178
2268
1607
1988
12194
5782
2815
2131
11425
2800
1638
204876
3087
12791
1391
3082
1660
2948
4211
11228
2876
7420
1944
2015
2046
12675
250702
2484
6304
2280
577
11428
20493
8989
1108
31207
3396
974
13796
2071
13785
49901
51100
2951
7670332
498
9003
11966
4666
11676
461
2625
2386
2662
2036
13247
2378
2549
1367
2415
2380
1664
4542
173819
7176
1989
250760
9418
3266
2532
5150
706
5198
5255
1431
6285
54020
7727
586
4060
2367
2554
4364
1969
1777
12035
424
68620
2464
3697
1918
3298
13552
1854
2750
1850
1758
15492
2037
2752
3233
1738
11707
630
2496
11867
2285
20438
51180
1760
995
2007160
1575
12737
3229
2478
4568
2768
3844
1842
3052
3044
2032
2692
11244
16551
11406
2397
494
2762
22270
2808
1709
20309
2396
2394
36040
1955
2443
53168
11803
4200
11149
2363
2641
1011
551
13904636
1753
2576
2947
11769
1945
3069
943
1586
2220
1994
21945520
1811
2258
2943
2879
7847476
4454
2921
2014
11881
2147
41772
3744
1167
12748
35040
2072
3144
2971
38568
1726
2888
20529
3970
7569
16661
4571
3711
2712
1390
1341
2545
2421
4380
2694
1846
1827
4311
2560
6568
3340
33580
89581520
1210740
2777
2098
2224
93028
4086
2592
2122
2650
16980503
11294
490
18815556
2569
2802
11861
2243
3239
2104380
11402
43003
5612
2574
4122
11926
2839
2233
9941
2690
1802
14384
3286
541
7331
2125
11991
105120
144540
15974
11779
4404
12150
87600
1935
1859
2840
2070
11773
3068
15290
595
20442
5684
2204
11748
1550
1904
4435
9541
43505
2040
13823
4094
1829
6581
42082
2313
1993
12652
2878
11610
3222
2312
68267
11078
36500
8576
1927
13106
2333
3597
3056
578
11944
2682
250593
2090
2911
4271
3076
12313
2242
2938
3111
469
6754
3391
3119
2434
13425
2217
2162260
993
14584085
2347
9933
11318
7500
10928
2781
3219
2282
36696
2427
2633
10608
2293136
2848
3366
1948
3692
14305
5840
12424
2190
1642
11575
3351
2719
1667
3180
4027
487528
2311
2334
3545
2556
11499
649
1581
238508
1793
1913
417488
4734
2589
2517
1379963888
11133
2816
11466
2358
21
283618
55044
72564
56504
40008
57964
78162
25504
62344
2564
2442
59424
47744
61504
3131464
2458
60884
68704
46284
19822
92566
3256
72128
74024
11629
35892
55744
138946
3944
74464
71584
75484
71104
79864
58624
3166
27496
32120
57164
7658
44224
87164
4474
39276
42562
31645608
2783
78404
39420
73024
71056
53584
4485
2409
77344
27572
10008
39282
57184
34144
14241
6291668
8324
10925
2727
25844
78202
61712
69644
93004
176412
24064
3904
41344
75904
90084
3787
85704
9664
181832
56068
62825648
4455
60064
3061
139508
38464
2829
49984
76944
49204
101764
39259
4321
15424
81920
286040
37024
12704
10804
3548
27472
29824
39198
53816
88064
12127
5585
93238
26604
16225
93184
88624
6864
80224
20004
63804
68184
6408
7184
1262796
35972
82944
129862
20008
33144
81324
8574
77332
39224
3741
22624
72716
72868
3514
2773
11728
2923
256000
3760
21184
86392
4226
70144
2954
3750
78204
65264
13948
21464
46134
240118
44748
8334
154342
4237
3886954
10946
14987
91544
56124
5470
2525
7935
54304
294812
2
38518
3720
19794
17084

4030
22568
4255
16550
5072
8873
15827
18290
5959
2138
3650
2254
2776
1909
1731
1844
20193
2407
30204
2799
432
1617
1881
2813
4943
7074
4329
1892
2956
2586
16196
3136
30774
32813
13334
4247
5772
3831
533
3601
2470
11601
5707
18158
48181
4816
2686
4034
29194
4693
14537
3022
11939
5820
11543
5229
3216
4764
9626
15216
2185
2726
2113
4183
1902
2447
566
10545
3594
3122
2149
2236
30678
1959
2054
20879
9752
2306
6259
2851
5363
2575
4024
9849
7065
3865
11786
5603