2
1
6
5
32
19
9
16
23
8
12
3
7
10
17
22
14
33
181
202
28
13
11
80
44
4
42
120
75
15
228
21
27
31
189
18
82
20
178
159
263
277
46
302
511
34
50
24
173
39
35
225
25
60
213
45
197
30
188
139
26
157
486
457
151
68
215
160
84
167
43
300
166
264
210
36
127
255
29
66
41
105
88
253
104
256
48
230
99
54
146
147
292
322
191
152
79
65
261
52
57
434
154
306
121
282
250
148
134
212
156
92
40
37
267
129
435
441
231
446
112
106
219
98
38
47
169
51
206
265
254
391
158
510
358
149
81
239
142
163
252
155
150
308
236
49
130
218
452
117
195
91
114
177
207
235
145
305
193
270
317
176
153
164
133
208
124
496
74
90
209
354
109
95
380
269
187
311
132
61
143
243
168
260
141
458
482
131
237
312
242
447
280
310
221
174
76
136
144
77
238
83
204
135
72
67
485
273
244
299
108
301
229
110
69
290
214
179
248
201
200
468
63
94
185
350
137
288
266
78
56
123
107
170
89
194
196
116
284
205
118
461
53
497
274
172
440
348
423
171
183
251
175
403
272
85
113
340
304
140
417
126
138
286
283
199
62
162
246
365
295
319
262
449
271
115
297
59
125
226
459
73
182
165
216
484
86
289
363
487
240
257
436
344
478
352
119
233
480
111
509
406
279
96
234
445
258
401
268
381
180
399
303
192
222
378
259
276
97
398
351
338
122
275
232
291
278
71
481
190
353
407
184
223
318
444
203
373
281
453
508
379
186
161
315
456
309
211
198
355
55
245
285
287
58
70
384
64
364
217
460
220
476
427
489
326
362
103
313
314
442
249
439
87
375
101
296
323
316
454
293
224
376
227
356
464
473
128
450
451
247
327
93
367
325
390
321
361
337
471
488
307
492
402
335
500
102
467
477
438
437
397
419
408
359
298
382
100
241
324
388
411
490
343
429
341
416
470
483
328
494
479
433
349
372
377
389
0
469
369
366
463
421
387
455
396
330
374
425
332
320
431
462
499
346
443
502
333
414
415
393
294
342
395
405
370
334
368
501
495
474
400
503
392
383
465
404
418
371
331
493
329
507
360
357
420
448
466
472
475
410
345
394
339
424
491
409
426
422
385
347
428
430
386
336
432
413
412
498
505
506
504